50.055307640233636 38.345865322702885 1.076368040098318 7.099231996969936 1 
100.07169561969235 39.51126391759788 3.0257339966372157 3.483498675409008 2 
1.0013016858597406 37.197736341171826 4.598545706523519 5.457207284024219 0 
50.057820372468846 39.319730902282366 1.0400290383326678 7.256211458075939 1 
100.11668743318019 40.49855052739775 3.0254998744568677 3.296346974813666 2 
1.0008831581195137 37.459486904593724 4.563182286436517 5.691731250119749 0 
0.9996638140808823 38.66702224272827 4.504096673793893 5.164066223182005 0 
50.055671049939754 38.58720074122934 1.1335213783432323 7.114781281896606 1 
0.999569185488861 38.431220436338286 4.568520555088958 5.6983151711684465 0 
0.9986144805105914 37.45319752523888 4.524755864083252 5.262409894536662 0 
50.02544546226971 39.32690483848666 1.0419219512592321 7.185739503913611 1 
1.0019378480173107 37.8759646009867 4.58298012481318 5.791067292535797 0 
100.05053676331887 40.15703580002705 3.086726508187964 3.174424909148397 2 
50.00545506714315 38.51261397004686 1.1898531114302036 7.055481243525 1 
50.07380907647768 39.67995508411547 1.1361232266991999 7.005365284980767 1 
49.994086012697714 38.65186608517583 1.1167303427516146 7.246910648899206 1 
99.86737604665873 39.15783091326895 3.075703634052428 3.645131019189788 2 
49.97927527212738 38.93759850070996 1.108193070428417 7.232561547823031 1 
49.9261487840334 39.2231935271662 1.0506305786690258 7.189771661555771 1 
99.81532288222867 40.22924668721351 3.0999165486981837 3.094691705841908 2 
50.080973064892795 38.301326265774456 1.1732735347451144 7.0885984977988095 1 
99.89758908138229 39.47069268323545 3.0620389824836143 3.0534098691599376 2 
0.9991496377866501 38.99777788046218 4.575707425869164 5.172075891752002 0 
50.08529008256938 39.96154544751985 1.0435948116264657 7.190199103884248 1 
0.9996082616274512 37.48997340194313 4.595481647609828 5.356912475359743 0 
0.9982698979291216 37.81105397827325 4.577460527499769 5.624847754168298 0 
49.9039952331129 39.04977938406696 1.144606915565005 7.209301249267898 1 
99.85876303651582 39.595094646310336 3.09567914577613 3.162688290950134 2 
99.96146310381741 40.33197003756485 3.027224219080031 3.0197123023257513 2 
99.85808447544935 39.702608309589635 3.0956454619917757 3.393824575512065 2 
1.0009417600873227 38.388650026465854 4.5766377099861 5.446354960853374 0 
0.9981581890552016 38.798961789936435 4.5366839079179595 5.228343734840339 0 
49.98890969842525 39.82866913246927 1.0979838495165226 7.288995190051598 1 
100.13694677984635 40.751903770656824 3.0557196423775466 3.0492185058892347 2 
50.052692044236025 38.847690884585646 1.119611323457886 7.027707611591526 1 
50.006394007713276 38.58551671075137 1.1603948709340097 7.273152037738667 1 
49.931821571660755 38.502912470331886 1.182207234633788 7.184590340770076 1 
1.001949019471711 38.47690241943628 4.55450274705385 5.669100597672115 0 
49.96092107877065 39.377284068603345 1.0705741995913522 7.181050533111322 1 
49.9127650242279 39.61920631312396 1.0907288194935079 7.2666389670003495 1 
100.09103453398646 40.765551946436645 3.079001420604681 3.298219765031953 2 
0.9983482257110083 37.2418905826489 4.577708908875454 5.536612419503818 0 
99.93577959590759 39.483569939204365 3.0878800481476 3.574224006192943 2 
50.058038914082196 39.338541069341574 1.1451821118296646 7.0128339422788954 1 
0.9981298593939688 37.043351357685545 4.5701930823084185 5.152013043735673 0 
99.81083680111395 39.88798560290604 3.0076854855762134 3.3063244972542165 2 
100.05209662602174 40.14045229913402 3.0266790329158844 3.515306161249361 2 
0.9981549349796748 37.623174835010786 4.50430493795204 5.434488461084347 0 
99.9914769610835 40.42466951763209 3.080329743750187 3.477200762661442 2 
50.06343489560398 39.16317218890243 1.1462076810786714 7.031107463833592 1 
100.12510200763053 39.61787351166979 3.019657499744923 3.063580393279602 2 
0.9984269700642012 37.19612665385639 4.543751698354785 5.651736260821764 0 
1.0017522116154802 38.96882175105868 4.582282600759741 5.189506494228252 0 
99.94773211464997 40.730331060233304 3.021249724090074 3.7473122530945684 2 
1.000522285493997 38.32308495255254 4.545690940658397 5.738878357663322 0 
100.0147744823766 39.48846897460745 3.0655206807418773 3.7787567522985204 2 
50.006787034397455 38.04667894980375 1.0855319017400131 7.292313645905075 1 
1.0002631481303341 38.761758796458864 4.587193260291738 5.137522397680051 0 
1.0007225447325356 38.706885492317454 4.581856004653785 5.366743760923212 0 
100.10223165539162 39.48402798245564 3.0905804927700764 3.3830261971406914 2 
49.93007144420819 38.072465815009494 1.0218694357089986 7.1910701580949 1 
50.083132250219755 39.56771858288804 1.1094592565012362 7.177558519866186 1 
0.9998670545522693 38.78378189292989 4.504765091666643 5.680704843225628 0 
50.03377097524611 38.72593272504887 1.1010352068494624 7.019125664127615 1 
50.0868292012772 39.441796174639464 1.1764623524599775 7.187805205484354 1 
0.9985316182205262 37.9828276240481 4.594930679778047 5.50303128100057 0 
1.0016204380824871 38.73408191459885 4.5752980076031005 5.5801445277183435 0 
99.92317619696749 40.83376054880648 3.0012234817147463 3.351464221265658 2 
0.9987627215689805 37.86914455684987 4.578368264039846 5.667558409644393 0 
49.95563481387579 38.813631462210736 1.1767230322989932 7.006724677104798 1 
49.95056544605863 39.81600954587332 1.1784415847871337 7.236728325612414 1 
1.0007612583177972 37.75915530097405 4.569763518972042 5.582189067500995 0 
49.96307540729613 39.11703106912955 1.1279246455823748 7.0473118832719415 1 
0.9985905110755104 37.95180688413122 4.526916454166338 5.189105536040998 0 
49.97527453361745 39.140197487918236 1.057778143370287 7.278528224256521 1 
100.15230622424443 40.25810293530812 3.0498785737415677 3.7769079131426038 2 
50.09333638104794 39.158206720986044 1.0921599075304602 7.089475583217894 1 
100.1752971204144 40.86019267473662 3.020144998576494 3.077274196267819 2 
200.33470258474537 37.83778893934756 2.8194550277036554 4.082462802551635 3 
0.9990041047723468 38.36636434243295 4.535757129724749 5.732255486286778 0 
50.069812016898034 39.64702476108171 1.0973943857614372 7.274011677530395 1 
99.92508333911574 39.08586230709978 3.079927317611424 3.4048351682389297 2 
1.0011646916466475 38.9994978555766 4.540564044978455 5.634034808785339 0 
1.0013723023776315 37.71137617361619 4.579363274466851 5.351645409479839 0 
50.012391462963954 38.39880262295913 1.106198370315014 7.210772336049549 1 
100.01265001252142 40.57437484865897 3.0617987320399287 3.6777637883164087 2 
99.86917078216447 39.964470980517994 3.0640759649509235 3.0287463977873212 2 
100.15940597015744 39.322255933919884 3.0234382421369896 3.70532391825834 2 
1.0012780411041866 38.999655947485216 4.598914539261286 5.265496098045611 0 
50.04965917770622 39.90377184557067 1.1503157117053007 7.1668987998834535 1 
99.85734336578803 39.15709388178074 3.066568027242383 3.5199800146779108 2 
0.9987429697470136 37.67450555430688 4.5477308923829245 5.492060558678665 0 
100.04550448773483 39.89574786684478 3.024463376223428 3.6353017777137007 2 
100.00350420704612 39.691275142820686 3.007049243194476 3.2721909009606813 2 
0.9995299693745233 38.67199524383405 4.500661817063152 5.553266974288918 0 
49.94865240785863 38.50031973880699 1.0418882628599755 7.212139211631588 1 
100.06597300710209 40.64951822160236 3.045108706380152 3.6016664515218073 2 
50.064216802322214 39.42094316319068 1.0140773627854398 7.011238160591714 1 
50.00521162120704 39.109791618318944 1.1917318995924635 7.277922304815722 1 
99.80130565903838 39.06198554705329 3.051555428099748 3.5201484705509154 2 
1.0001183582763542 38.99525504325594 4.505034657669769 5.693432187878523 0 
0.9991018689256401 38.84443247599102 4.5390948023810775 5.641671145485688 0 
0.9993943054411348 38.7287790866986 4.574849001398915 5.260772618976372 0 
0.9992590578801495 38.743411219217535 4.545585151595752 5.145768003627655 0 
0.9999273137600183 37.31132903934711 4.58762169484319 5.586081934028098 0 
49.99756599300094 38.05467432225509 1.0543794524071812 7.252183209256148 1 
49.95397037558179 38.06120861428334 1.1033756668938237 7.071796772212055 1 
49.977847208274454 39.18044689943276 1.1077945057469665 7.037394808857514 1 
99.99336384626152 39.497350695596694 3.002629707722794 3.679489085198663 2 
99.99954426258032 39.91108303420221 3.074871101780492 3.7437768799537876 2 
100.18403295492989 40.187829757418136 3.056088692962773 3.0732324830997793 2 
49.973975669295875 38.39449899501407 1.1890479966164158 7.171839553645335 1 
0.9995614634469259 38.806596944418004 4.501398496994473 5.070681987501738 0 
50.05109608275552 38.83371092359688 1.1290085536871424 7.046034130729823 1 
100.14687588771865 39.36076581429104 3.0289020350677953 3.645649600275316 2 
99.95481002257138 40.313653000181226 3.0199162585358184 3.0043996547624072 2 
100.09457071764903 39.1878306896187 3.005284461204124 3.49931225474206 2 
100.17761590505553 39.36483885505323 3.0486306466335535 3.7216862011070373 2 
1.0011450686433965 37.07374111565858 4.524074349844506 5.781632743867838 0 
100.09090138860067 40.341235154512425 3.032557024534147 3.2835503512689 2 
99.89410866316261 39.42570296300319 3.0309855544411475 3.425870408724409 2 
49.96737940082047 38.546445173042954 1.0552715970051338 7.203770051867014 1 
1.0017991010357323 37.08438900202358 4.530546220954636 5.587490565434242 0 
0.9983085028408063 37.9516466412806 4.599280328542406 5.245694516697352 0 
100.19429062341328 39.611491745522294 3.060614747840654 3.3183135197091254 2 
50.082684242017045 39.58913454060859 1.1742936819385361 7.1089737731642 1 
1.0017173045565952 37.24936105976575 4.565912114485307 5.675561612342673 0 
99.97976058806414 39.48005629757358 3.0386654196899525 3.4542621831011813 2 
99.8493081097665 39.87112693461636 3.075207142545127 3.51823565607226 2 
100.13800750105102 39.71162950231175 3.0116082371959148 3.169178980326366 2 
1.0004072089553517 37.38530121873518 4.503464988722609 5.390213532293936 0 
0.9984868428568716 37.74700570808306 4.575408588027757 5.380085051852438 0 
1.0010335948053999 38.7735563623427 4.543134557075014 5.765929124498205 0 
49.954559501026644 38.01927208922996 1.1670962829924878 7.270963734366425 1 
50.02456728107114 39.981644652101906 1.0680581662490214 7.191046851798613 1 
0.9999700721376519 38.18234775435635 4.59850345096241 5.109100875731244 0 
1.0009229687877257 37.935478130132 4.511437688470433 5.208522273381955 0 
1.0001826315663853 37.086662543502825 4.560701124063816 5.2251192502269665 0 
99.9705828246968 39.80728450634733 3.013137684895628 3.109663519507401 2 
50.017608736478955 39.19585562645043 1.110422435430028 7.22750847840228 1 
100.07962102723964 40.592091065094074 3.0165550808036468 3.2898958868160664 2 
0.9993368320544052 38.23809717130055 4.575558785896199 5.396116547474962 0 
49.9659766326885 38.88528216527288 1.0358895293009927 7.011573162477828 1 
100.01480219169666 39.28151071874534 3.0610026542073436 3.221650678137833 2 
1.000575252674268 38.97892753752138 4.520984120808687 5.289215405927078 0 
49.98139313881544 38.96895440316516 1.0301760536208797 7.073636861864846 1 
100.07253145101893 40.56088964408061 3.017288069521629 3.718249870171568 2 
1.00161473029748 37.120576687366906 4.517733078716431 5.72425263490436 0 
50.03105180637091 39.71946062257014 1.1942866631237337 7.272711998158199 1 
0.9993019391941012 38.81099927407286 4.521879998901348 5.357254602826362 0 
1.0017799663688314 38.027479642072635 4.583708601878321 5.502823550670776 0 
1.0012981547521853 38.7661578461315 4.572842142082231 5.7972393251427405 0 
100.09403953104363 40.35813906324207 3.05072172321964 3.0148621968974427 2 
99.81805145369061 39.47733487529795 3.0505212136509807 3.194390533734841 2 
0.9986931737519864 37.53673934956776 4.506737390209718 5.617397947395202 0 
50.08935555321865 39.482525511410735 1.1510197913176958 7.030337139495751 1 
99.9758947427887 40.97606604453088 3.0159835553635284 3.648686210867794 2 
0.9991151787633825 38.64704343354357 4.573421896102381 5.369527072334915 0 
50.02903904984831 39.2624033292162 1.1993974231944557 7.232204902656135 1 
0.9983407960405464 38.743910947668255 4.5671562737283535 5.454878345577335 0 
49.934668757974826 38.43346523193831 1.0979905229692084 7.281641844124023 1 
49.95770158664811 38.786745113884606 1.1364533469309523 7.079380801849969 1 
50.04340272268827 38.469541041657514 1.0910159942892568 7.143301109535061 1 
1.001159418929949 38.93364175240928 4.5107957183166025 5.192597821481086 0 
99.8928554211969 39.8384534948584 3.0226841902487336 3.2053509657594117 2 
49.924570079869916 39.353263954620566 1.110335392341144 7.184477723608598 1 
99.9730267785058 40.215421912650946 3.0189894731942406 3.527842916811013 2 
49.91260370831842 38.45897151904905 1.1600697197896863 7.008378903436055 1 
100.18903621235464 40.939173938635406 3.050217911125456 3.1752475018170827 2 
0.9991008070733856 38.29732234668961 4.519074495541813 5.2437028088185444 0 
49.96437031042392 38.98133900016318 1.0599861885701356 7.010984233947741 1 
0.998049619812332 38.288696430705194 4.551529276746543 5.59080879573824 0 
50.07377497525849 39.08836089090727 1.1179399157824887 7.163155403763756 1 
100.09155403209354 40.266331997984814 3.0321118972850716 3.2300512370042944 2 
49.919114930353246 39.28785567756406 1.1401541794725558 7.192064061636391 1 
99.96544532968674 40.75362152009467 3.0725634239299673 3.4766445128036003 2 
99.82058492593109 39.68718494904593 3.0121192386761773 3.7257230725138446 2 
49.96214088116647 38.40552783266776 1.1801162509394183 7.139104083255291 1 
50.0000843566712 38.75200287727273 1.1918597345977768 7.287783141726059 1 
1.0012662064211084 37.66982506570167 4.502264816227678 5.186911965907122 0 
0.9984803632203141 37.16968033772251 4.5312870407956805 5.039073386541804 0 
50.000550844665035 39.88927797619275 1.0702829808819159 7.241555557200746 1 
0.9985455691686127 37.02255337659539 4.5139291215555515 5.053208697431848 0 
49.98714991099151 38.12844768283652 1.056804299821134 7.068358157433404 1 
49.90106916492798 38.80543005594845 1.1987564816092933 7.192881457766151 1 
50.013542684863346 38.57569761385647 1.1469024476455782 7.27909186618505 1 
50.01261931285286 39.34904046275719 1.0407844739185068 7.2788942777763275 1 
50.066248187153946 38.49354448976081 1.0778106789740538 7.0146203226922665 1 
0.9988647873990043 38.22833907166166 4.566252260680506 5.557120245458942 0 
100.14211718091805 39.080914204905476 3.0612341780237067 3.5363699792895025 2 
1.000863970128549 38.42554870987272 4.546010580450453 5.181403302190037 0 
50.09452764025503 38.508753955705444 1.1855077574897255 7.2581242033361715 1 
1.0013446200317129 37.43091608444578 4.557307231744507 5.315546412733958 0 
200.33115193464675 40.49433184982975 4.790897047192133 4.4674712485819414 3 
100.01702904743048 40.10640464201374 3.002729224577089 3.604515020695345 2 
99.80000830022782 40.34840485386465 3.0791960145583146 3.2912216844769286 2 
99.85027261539089 39.81815412943886 3.0044638199874405 3.053998847629758 2 
50.06726769174092 38.95609158094193 1.1825769570653593 7.08788080183818 1 
100.07411879338719 40.10576141411681 3.0633727141045024 3.153116003758352 2 
100.00620110472072 39.989230351850026 3.0573495380726055 3.3262734049825573 2 
0.9986246665455648 37.46122238134289 4.576074149277793 5.064147253927451 0 
100.08641654827669 39.171627365962514 3.0490210920445544 3.7374622324500844 2 
100.06993066623717 39.09139114138522 3.05533287745799 3.0273950183939777 2 
100.19827593833963 39.42476873597692 3.0725003662116364 3.508891104152688 2 
1.00127028510934 37.69715946890387 4.523715946571974 5.4085378365152135 0 
0.9989258770471391 37.01203173340052 4.593671999501737 5.053563677896122 0 
1.0013114701526864 37.31665500413054 4.562842101653646 5.091658850649403 0 
50.08648008125928 39.419318580841164 1.1999833146855812 7.152322214890095 1 
0.9998782982895137 37.591750973538765 4.5013783819269015 5.761142551088128 0 
100.10358574496728 39.08813229881015 3.070221566775022 3.1690370572016677 2 
1.0011087965020966 38.79521286087721 4.590557508444168 5.280616623212676 0 
0.9981574487206902 38.66547996746039 4.562277335867243 5.341056193818717 0 
50.09913862929316 38.04468140378878 1.0940886218423658 7.100612915814637 1 
50.043993073178946 38.974119131546175 1.006279225532148 7.07944287293144 1 
49.92443635323824 38.95044019030167 1.1556681904345973 7.089371645024448 1 
100.04163866667018 40.80300729631663 3.0490210769167803 3.6627249790461534 2 
0.9997003213552952 37.01777666924839 4.541150019529243 5.786062944158507 0 
100.14384959576009 40.77299052629166 3.005606231201342 3.4941882362845647 2 
99.9843427532695 40.39465404792568 3.085116764098895 3.2444082995343626 2 
49.90197429949138 39.143710167397934 1.065423000121233 7.242137309269633 1 
50.04358704855449 38.402369172765184 1.0739872008362017 7.261440679644801 1 
1.001154116758337 38.460701598015426 4.517227631102303 5.398000698698673 0 
1.0019597800799538 37.39801090011877 4.589286092014625 5.40415043632528 0 
50.0725400701587 38.0242987416445 1.0763532995788319 7.147568683157313 1 
50.036571342527424 39.02439649194168 1.0282240389239765 7.257045008695845 1 
50.077929756427935 38.79808753708727 1.0773392453660142 7.183528217088716 1 
1.0004469884345712 37.1700028285533 4.50575397509786 5.6180531370956 0 
100.02879540743393 40.87041704609162 3.081558001407483 3.5685419496269213 2 
99.8267647324329 40.29279651826725 3.0107135887899217 3.4190798265538933 2 
0.9995283413651559 38.709550066421514 4.541367890347817 5.462146510035389 0 
100.1039276554583 40.62203319400073 3.030589060071454 3.31699574694107 2 
1.0012642064076127 38.749591009753516 4.596461229813511 5.423986140419222 0 
100.18529317087105 40.732047885262794 3.0067648314506874 3.470776966257124 2 
50.02585357016685 38.06637573637027 1.1213466739454079 7.078576162351498 1 
50.042887085068955 38.83605874964084 1.146532615864012 7.052104086293458 1 
1.0016128365084371 38.725475126950194 4.535619536817317 5.266489583828942 0 
49.94369018282238 39.14361380941783 1.0229478402978747 7.25168164511709 1 
1.0015882422963005 38.06004432035244 4.507938340313134 5.650523828187062 0 
49.95049088959302 39.035831126390526 1.076416598975472 7.2774374962929755 1 
200.35361007567795 41.19852460839272 4.986228154353549 4.307450094281863 3 
1.000319553250962 37.37760742782071 4.547050880399099 5.4625103996419675 0 
99.9585508073661 39.84907080633064 3.016527523089882 3.70764992742118 2 
50.05727132993418 39.05726184739698 1.0544130102844869 7.096563232009234 1 
0.9990558618305294 38.996629812196595 4.538857950123757 5.149208830164449 0 
0.9981454235932494 37.43301161489216 4.5273796949668315 5.234785144748125 0 
99.93154688679932 39.795095130501345 3.001499065479688 3.239721040709814 2 
50.03659848870406 38.543200419922584 1.019843393746288 7.143974654651546 1 
0.9990732751418416 38.78070231117403 4.595165656932039 5.47349379657312 0 
99.97662948897018 40.44098459644416 3.079552596741862 3.044067119427224 2 
49.937482393372186 38.54417782070708 1.1076856026226651 7.011781738773911 1 
0.9983134632569064 38.30174952481468 4.563046561777106 5.403801569024286 0 
99.89168638456815 40.90908389062066 3.0260038304111943 3.622392185203795 2 
1.0018312124756712 38.366059705547045 4.50362857458422 5.681763839874254 0 
50.09675628876767 38.40439743115883 1.0508979628287414 7.038411002861241 1 
100.0131753799005 39.56930283224932 3.049498562997978 3.0195379472804227 2 
1.001142090641174 37.04508716503912 4.525435588080352 5.720809584899192 0 
99.93662702336607 39.99617348386161 3.0142843414318783 3.7550329966222167 2 
49.9594878743873 39.38127685028102 1.0488857801580411 7.2972909124468455 1 
50.08752320392319 38.16848531357953 1.053888955716243 7.14540425230081 1 
49.93041563489819 39.93755428952643 1.1117900842045099 7.181561203692693 1 
0.9989013367927582 37.73350938553167 4.548372969062154 5.698497672457661 0 
99.84791128061221 40.64885169554329 3.06890577874588 3.0417836992139633 2 
100.00891231628758 39.542365323052806 3.077702315296193 3.0579420810544136 2 
99.83423090122466 39.15213317094866 3.0304514073857263 3.1816297337521657 2 
1.0003846219876242 38.44198191226045 4.572359970983135 5.660584178264555 0 
49.94202710920488 39.93089339622222 1.1558445875327286 7.265143896109725 1 
50.09150218788396 39.87683644510948 1.186144103639067 7.21652826837309 1 
1.0014403139756602 38.709579379309055 4.50464074703359 5.280299655009593 0 
49.9668613705385 39.813218577007696 1.0537263704819377 7.169923445000779 1 
50.05498861763073 39.77262485857535 1.0754742759008025 7.048811486801112 1 
50.0828506732713 39.418668882785475 1.1881928633750076 7.153795430374567 1 
49.925034512160586 38.77577370098996 1.1419994382974819 7.288584260462683 1 
100.0374163321211 40.541626928102644 3.01438524638036 3.6728723681557636 2 
1.0000131979349625 38.667640068963195 4.527641617364811 5.142146853374078 0 
50.010231445771396 38.20060211957221 1.1872034274705894 7.207850371168461 1 
0.9989520285193676 37.615977077214545 4.573205100439153 5.287232661831688 0 
99.80809771003206 40.64243478906023 3.0202501372621255 3.132470740287341 2 
0.9992379766102306 37.36000157983494 4.5743154213779675 5.179037638845775 0 
50.090170963971104 38.80059936928709 1.0147428946538988 7.252629726643455 1 
50.09653874059533 39.332889941422906 1.1643533145738656 7.295067414211915 1 
49.955084122349156 38.24374507443093 1.1593691212373374 7.207062960316765 1 
50.066871569712845 38.42922567114055 1.1800559592668047 7.106673410506991 1 
1.00024290435705 38.47986449607646 4.587184392182089 5.468845830348025 0 
0.9999586841497308 38.47674586691793 4.503712918849022 5.66264214649802 0 
50.0770545473585 38.50008016693873 1.0643469601653814 7.166135244014419 1 
50.05801935241599 38.14987625575441 1.188947903734741 7.150138407265594 1 
99.80016598231454 40.6004842908959 3.087216229632478 3.420181346434968 2 
50.08291901406958 39.61592652034516 1.1604869428680202 7.216115488991587 1 
0.9993269311019617 38.253090858231765 4.520373809010312 5.046862445786392 0 
50.07524129971402 38.80994993414504 1.037398982357729 7.280616904797342 1 
49.9143464549132 39.84672507846198 1.024082736840612 7.0853098391752685 1 
50.07101280294652 39.194377471965765 1.0139952155531018 7.049873883271189 1 
1.0004444089140214 37.30628071524128 4.516824925192172 5.682626159967191 0 
0.9996204941683874 38.11714466768961 4.569709154529029 5.337932160855478 0 
50.03695388033481 39.9402687731973 1.1189157172698847 7.000060341346568 1 
0.9989441966761499 37.97305827660372 4.550774055854572 5.3834259461755565 0 
49.90530274848652 38.219260522588584 1.0299257936379074 7.212298777732207 1 
1.0017159753729177 38.42447914584455 4.539585290193895 5.372319976403237 0 
1.0009895638468542 38.793173977298025 4.590474433973161 5.139540329432978 0 
100.19029126355818 39.306191148225665 3.053668806268032 3.663583703091966 2 
50.04200582662582 39.48683456459688 1.086273121131971 7.162448983249971 1 
100.19142168424264 39.12432107854066 3.077883962792068 3.732272074679385 2 
1.001261623923642 37.63739240195033 4.5639915907509 5.108553212791989 0 
50.02017388644111 38.50947935565156 1.0296847333656944 7.186472701103164 1 
50.019793861531205 38.806724018386404 1.0357303493552819 7.065329893464168 1 
1.00166208392178 37.607538987393816 4.562728046132481 5.390244411704789 0 
1.0000064343469297 38.02423180069828 4.561800971445851 5.615343295452524 0 
1.0003452162285456 38.11974740191386 4.551745263989262 5.059967473456836 0 
0.9998798384233315 37.391032161569264 4.5457132069881965 5.298399810630652 0 
49.91597479298458 38.099600104443105 1.0713419516130833 7.145240812399002 1 
0.9985881684662099 38.81251985175307 4.59974586587178 5.494824463487875 0 
1.0018615766239336 37.13506335051233 4.534121093165553 5.028652036206479 0 
100.09389684540017 39.722906910023326 3.0240338364929977 3.282175116542657 2 
100.00421688916384 39.08349555192802 3.048745664446031 3.2425603251133817 2 
49.998533804444506 38.160701203551284 1.0007302362833805 7.117330052099279 1 
49.93869133389697 39.95118804321976 1.119372699727018 7.064480676759868 1 
50.06003377149546 38.80106068456646 1.154166008431217 7.288301107062864 1 
99.89656001663118 40.640220010868866 3.08025706636869 3.775310912957058 2 
49.996731599565116 38.36495051064892 1.1655175463419147 7.244307594115587 1 
50.053455343517 38.742047356852765 1.1409527292931634 7.142027199452079 1 
0.9995921018876732 37.9188193271723 4.542930273349601 5.542590320681731 0 
100.18258412331677 39.15772858798358 3.0216919129092825 3.0230635142697353 2 
50.06921152988236 38.72962912758122 1.0794531595913006 7.068634774243199 1 
99.91707963380806 40.225298344837505 3.007710077929042 3.2750504970383747 2 
0.9986173654462766 38.20041492371619 4.564298656985093 5.470958737525543 0 
100.12887709065097 39.99437558842192 3.0696289777787285 3.118995862528271 2 
1.0014935074399323 37.48407272350936 4.5740083420940465 5.266347936433523 0 
49.9276624194338 39.937925242807985 1.1525490935424292 7.17239621637956 1 
0.9983479173954047 38.58519961676516 4.545774842203182 5.04917484224881 0 
0.9985005564021557 37.04076349615102 4.593348402134784 5.4498569880130825 0 
50.02097604688618 38.124822047972415 1.035987419615273 7.075565619871275 1 
99.89014964854766 40.1665909076714 3.080007043605707 3.4557328026851932 2 
50.07264535693554 39.89637152266086 1.023334349135303 7.017190116382773 1 
49.96488538890782 39.392118486737196 1.158783863830914 7.075900650801003 1 
1.0000845453886447 38.42063032297771 4.53801750414006 5.6923916522750115 0 
49.93514446976071 38.175101947616206 1.0049858271223906 7.298106637565547 1 
99.9869719981089 40.83656863759831 3.0451026698853085 3.365994186470498 2 
49.9561188189715 39.687181901196865 1.0747993948446797 7.269164502030786 1 
1.0014742641445096 38.51482236139099 4.571774246174626 5.056449552214788 0 
50.0710992647925 38.80769986799214 1.1883902885122795 7.163946407352146 1 
0.9986611397153946 38.26166482535477 4.58848663427058 5.666757304997286 0 
50.05072022698819 38.40828472718719 1.1020881154413946 7.126479100700912 1 
1.0007173546892374 38.948668148577994 4.597992991637672 5.108487467761579 0 
99.93886535485991 39.54845566248274 3.0130725568995813 3.591954160567421 2 
1.000746857659297 37.80451913384378 4.589007581473688 5.7814074731558485 0 
0.9986086793727649 38.60533967121525 4.560380968804249 5.648805452279626 0 
100.14504960469198 40.35142718165579 3.0164714396397936 3.1697365304088048 2 
1.001230349452513 38.57344235372991 4.53594380874524 5.747313841030453 0 
50.015315613643004 38.82296365575665 1.16374757063971 7.066751327815431 1 
99.85899193599404 39.42031834517198 3.068835887922411 3.0948290735060153 2 
49.976066598988375 39.44423060323825 1.02039465435113 7.068442626344042 1 
1.0017326932745847 38.965912676166944 4.597779985601411 5.670795531399954 0 
49.90280870093837 38.76813052452249 1.0658018133000222 7.093814012716617 1 
49.984018648137 38.16301349785271 1.0243482395166217 7.077804494438723 1 
1.0000967323438308 37.130070011824394 4.564595762774636 5.6079468655270315 0 
1.0002043223477972 38.16443751035613 4.561012420896897 5.5047786114722115 0 
100.13716156393848 40.13977184993343 3.096701052360177 3.1645349001141074 2 
49.99051722141154 38.5918981824376 1.136927311329883 7.153291503391992 1 
50.01124229274811 39.48998216414892 1.176475617478342 7.04166668182278 1 
99.97831683281207 40.27159206252835 3.0706711154677224 3.6873439582644916 2 
100.05492115211439 40.19732099263379 3.0567547454948847 3.421970570778146 2 
99.86534302651255 39.60745221660105 3.031544291177247 3.401613465986036 2 
0.9984332278527945 38.34831126901807 4.529114208627095 5.587121741457493 0 
100.10791690779476 39.07520028902754 3.0361821711728347 3.159792448064702 2 
50.015552397360416 38.496719828987 1.184462131864688 7.014932230399855 1 
99.85879500177552 39.162080397266976 3.011746121245002 3.4166878392378686 2 
99.94855028335432 39.100970754542374 3.013531186017514 3.092465210223609 2 
0.9980162997051751 37.24595963854389 4.564979063707447 5.741847559774971 0 
50.04264802591151 39.077198498959106 1.0589859595042734 7.000827144893835 1 
100.03798297277137 40.72112814642102 3.083540718505572 3.5139436657823264 2 
49.99733062661236 38.755744959293786 1.1371438612331013 7.13071849833893 1 
99.96186823575532 40.93453697026898 3.0821528721044635 3.0359419590823027 2 
0.998426594982272 37.954731824677744 4.558147953618504 5.175461396383302 0 
99.83200600430227 40.80712751711808 3.070462075362566 3.5056253761082696 2 
99.82601393103275 39.562302123376746 3.0373362196534357 3.6275995312599507 2 
50.007946445836176 39.47997587972399 1.1389970165226153 7.196412666253985 1 
0.9998773853163764 38.02883485466344 4.510816161275164 5.483243315804588 0 
1.0019553089350863 37.871500022779266 4.5029288556073235 5.1924705702379725 0 
49.99493802022701 38.62715137825239 1.1517419530823754 7.15917251205581 1 
1.0010100049061128 37.31975691342402 4.594715089027431 5.450044062126669 0 
100.10421088018445 39.47165998277151 3.061902669245032 3.583854074798878 2 
50.014699186375886 39.02899983509107 1.173591494159303 7.078292945670971 1 
0.9997995894003457 37.55933761429047 4.58982901612567 5.532357444512593 0 
99.8484240659142 40.81913678894374 3.032108372526116 3.4082739752679654 2 
50.07305460610464 38.316729150168484 1.1463333082460132 7.120335319551086 1 
50.098388181769096 38.68976457926909 1.1355775092006957 7.268375526562675 1 
49.914384582837805 39.47386141402036 1.140797881288837 7.1098923202146125 1 
99.97058208649881 39.53653914844016 3.0235933812386335 3.0944473226025906 2 
49.993742573730046 39.122748460652 1.0139334457896696 7.28938146275295 1 
100.00514636928077 40.25940168584581 3.0654791185975157 3.678663092781308 2 
49.944315817284796 38.58538505675294 1.080152831014156 7.294878559243577 1 
99.83854135627661 39.27336069880645 3.0009939140679136 3.7512059067566055 2 
99.84390231922477 39.93760709909596 3.0425153931594853 3.263312308919263 2 
99.89990683616064 39.665479350523675 3.041987913202368 3.147093485622946 2 
49.912742975274966 38.980206552393966 1.1691458042607796 7.141270275069529 1 
50.04001306041505 38.90042217739456 1.1787871701334407 7.264815432498385 1 
50.01138470302078 39.832031442382906 1.1683889786871955 7.253754557671192 1 
49.96099481271021 39.74123536054527 1.1331995852468364 7.256849766564843 1 
0.9991215582665884 38.27180356966675 4.545016791125044 5.325895278496976 0 
50.01250620082441 38.608808078878646 1.0751069713028374 7.160519250033704 1 
100.18324885248231 40.49086695567998 3.0433699733315605 3.348820612156281 2 
0.999543049415009 38.575117624595904 4.580034100499356 5.664363641470693 0 
0.9980127048060854 38.456729913960636 4.503499127468295 5.508459583662856 0 
99.87105117869304 40.4066250507863 3.0180326357420615 3.3819009584867183 2 
49.91810177080932 38.666470236365825 1.1209173978136036 7.057966341194064 1 
1.0009113439847546 37.34517857540876 4.583353095741697 5.339879270262385 0 
99.84789387351984 40.801083880948134 3.015552837163021 3.056098349402129 2 
100.19252316830512 40.00740125153004 3.086815564426161 3.2787462802855227 2 
200.3828442212531 39.5314733105108 3.572236032410656 4.494505142259832 3 
49.901836549015904 39.5470104730791 1.1214490341284127 7.070890132788806 1 
0.999078912488548 38.4013551551675 4.5077064568299 5.2011992721414835 0 
200.09878647085142 37.60354111343526 3.5325749640773365 3.8772996965293065 3 
1.0015399083485368 38.23577570623264 4.583043790189798 5.69635156394983 0 
100.15596237886132 40.453320792460005 3.075595998588574 3.714364365823725 2 
0.9981540083905214 37.909468698174756 4.517495501882639 5.6964127616198255 0 
50.09444000181187 39.19554227239346 1.0770713765076907 7.11714588572268 1 
1.0005356141833712 38.85760693277094 4.530045892846046 5.405007382093146 0 
50.07987363981801 38.773213851460135 1.1550170030480718 7.0384263509641 1 
1.0017506301852255 38.7227381874897 4.523945734808115 5.483962175609097 0 
99.89661881082621 40.983760937542165 3.0498805307161376 3.517717954538962 2 
0.9987563981255368 38.82961426318039 4.560290200600312 5.306797423472892 0 
0.9982694098707161 38.76111746765685 4.586801392120549 5.500501768519485 0 
1.000613266236455 38.67598457942547 4.512626405442932 5.663649499815089 0 
0.9982204440707838 38.85257900822176 4.523510752376848 5.798286808946936 0 
49.9468859048037 38.105331851303326 1.10366573598732 7.099938762641948 1 
0.9989187060656973 38.583639087887455 4.5094962253935735 5.579933203296596 0 
50.05252790259834 38.9931127648622 1.0398191298545099 7.1908968256227075 1 
1.000777095523392 38.91519541815852 4.593018666502468 5.084511711397985 0 
50.09387570416072 38.49707123965542 1.1823631848715648 7.0176647084141095 1 
50.04577277471567 39.391314003693104 1.0566370280710249 7.23417111729729 1 
99.92172825437164 40.20875215952244 3.0613082144399986 3.548044227908071 2 
100.11146287176653 40.89770135232211 3.0550354222212976 3.045017186004222 2 
49.949560360222456 38.64519414695466 1.1531086248764497 7.18709508932699 1 
0.9998509541961891 38.41959525855868 4.517839724318569 5.546187790042102 0 
0.9989251364649427 38.629257200909905 4.528395074312698 5.446724643209469 0 
0.9988147995775388 38.0898930743128 4.572980619116495 5.74112428953367 0 
49.9680968786571 39.766663601421996 1.1541502727067119 7.263503735341987 1 
100.01179349839906 40.91262431208925 3.01617998162919 3.0703972693398622 2 
100.12222654806548 40.13768425877526 3.009927488477371 3.3274510510054274 2 
50.01888966758454 38.617522043875226 1.0636838362207484 7.022688048194682 1 
49.926905206748664 38.321601402726344 1.0069972199819843 7.0334887801112105 1 
1.0012460370018488 37.242000470914576 4.502952636151136 5.740774449295575 0 
49.959046979835634 38.52597750592174 1.1460157440879335 7.0346679967278085 1 
0.9985521614909804 38.30727298960781 4.507662790438959 5.01365234102834 0 
49.93615186397094 38.819046985607656 1.0870007055683548 7.211388437636385 1 
99.82257072347245 39.11236467899152 3.0065333911285443 3.2059797055294306 2 
50.00149774798499 38.050088647253034 1.1271008078790525 7.134160602373747 1 
50.03321185568464 38.298842682998945 1.1616962930277268 7.29659684106978 1 
0.998798520273937 37.1122300330926 4.503592250654427 5.051905907774846 0 
100.17693622662486 39.91450997546307 3.038196591370098 3.2053751530903876 2 
99.8318456024038 39.67603245987831 3.0404321097302334 3.7065404353274025 2 
49.945324453237184 39.13532913134152 1.1482310000572746 7.082355252484386 1 
50.06402470198747 38.725997588717306 1.1014359868762582 7.158762388797496 1 
49.992393050091785 39.9486224447373 1.1164242901894388 7.240422616902775 1 
1.00070091546066 37.71163277445021 4.562176159196114 5.148865797298312 0 
1.0014837968040111 37.91753180454548 4.558610750383676 5.576855228309603 0 
1.000723179915473 38.66497672569476 4.545655304214563 5.248147945420388 0 
50.0882680506113 38.34819649813602 1.068608810124944 7.246525684112412 1 
99.98231136701555 39.716029928611704 3.037754751777259 3.5368618084384957 2 
50.006793547491775 38.308613234022694 1.0595966517145758 7.035260236002297 1 
0.9986449076569579 37.43421275397353 4.538085456265305 5.001723889121888 0 
1.0016195749603825 38.986173011797014 4.549756782386816 5.464830941568424 0 
100.1096358060794 40.19541558652329 3.0389198732509834 3.058922140306625 2 
49.92720530330963 38.765804835054965 1.0311882463667996 7.192119484798213 1 
49.96446761882387 38.45037479969192 1.050025700364446 7.081451284685246 1 
49.908260009220115 39.78396141571833 1.0440874920706236 7.218586697176574 1 
50.02981759096308 38.71678957811159 1.057105779684731 7.195771441925097 1 
50.09455289526299 38.22310975258021 1.109488488347513 7.098939041503518 1 
50.00649865468238 39.25806795159665 1.177325750130757 7.053212628146601 1 
0.9988231965333213 38.218581175533316 4.521290831782834 5.400202726418828 0 
50.0173855223809 39.50113208955405 1.1695070673510075 7.0723024876933565 1 
0.9985605772982158 38.010550789037254 4.513963300759481 5.105926349541745 0 
0.9986224061575546 38.324863702474346 4.533243045288807 5.590817317240144 0 
1.0014541969570145 37.5452228932996 4.585188283731599 5.3321260209422014 0 
1.00021508683171 37.6029097569775 4.592724776612834 5.650269906779334 0 
0.9988108523340491 38.342292010016564 4.592659900955873 5.7685393377954695 0 
100.1548775693671 40.63789755911346 3.0385687389474647 3.5178584180842183 2 
0.9995029389253185 37.194474397117446 4.591297532761207 5.43029868108278 0 
0.9999091486911191 38.093535934396506 4.544100880441923 5.457107972521258 0 
100.10158245708669 40.15334282487693 3.072863841601726 3.3373424825509073 2 
50.08774086162185 38.46540879352973 1.1758518779158769 7.284666549613201 1 
100.18482645417912 40.21461472086688 3.085975921164898 3.6833923068618484 2 
50.07336360651508 39.74420873132977 1.1234591372188387 7.135046382212407 1 
99.85858919456128 39.270703434605366 3.0134259606644487 3.641801525920007 2 
99.95546732378041 40.63193352077954 3.0951233580677515 3.52360659237604 2 
49.943765755715106 38.50688556078122 1.0582199616816572 7.198558134198673 1 
1.001693779279311 38.973932449395896 4.505048140991491 5.0901068080737195 0 
49.97010956565737 39.612811924423546 1.0015978212445698 7.219205781530214 1 
100.05038716522276 40.486995315688475 3.0574028003564098 3.07924550911563 2 
100.06083360409234 40.54541141990658 3.0096570110682497 3.0188467767824982 2 
0.9998907868720383 38.08637933836544 4.599786813403136 5.725777751323406 0 
0.9996789484688763 37.77992843436292 4.55131266357497 5.55384840815549 0 
100.0325679499488 40.17015734528133 3.058603318332644 3.238537290555172 2 
99.92505638178862 40.15828337212124 3.083059648788792 3.1767939112073917 2 
49.994832597026765 39.77792260567621 1.1934745050414473 7.026118184863863 1 
0.9981186746848343 37.41919450022168 4.532127027182635 5.024636930468091 0 
49.911802121951 38.42772025258184 1.0796531345251492 7.0895623855846575 1 
49.956377777688076 39.36927955619531 1.131866778288489 7.23860814180386 1 
99.91152141918907 39.690604445808496 3.027927517602414 3.0081997605582913 2 
100.17181903204596 39.67530702871194 3.057866679611684 3.2325995961358758 2 
100.14823103267521 39.2497251096228 3.0158232812007952 3.322734628250619 2 
99.87832067891158 40.31018909668671 3.05452364924808 3.6718955005007605 2 
50.08212420989397 38.41936687857632 1.0741059646227435 7.251753066464415 1 
49.90990187789123 38.5496444060247 1.0992821824052172 7.124517844436716 1 
99.95901602223861 40.44809460387665 3.0661109435865503 3.7651136112160812 2 
50.04987609320036 38.27499813576739 1.1552139079885924 7.238697104925478 1 
1.0003462777429648 38.607490252682524 4.500650711892976 5.603552206879254 0 
50.07025802196221 38.71084129515035 1.1585990758583984 7.262499031319539 1 
1.0019373836775964 37.89296578600918 4.588699396686927 5.450636028169445 0 
50.06742141996276 38.33897619621078 1.1609358747304428 7.173366048091338 1 
50.04318180932885 39.52345504569444 1.0538444096256623 7.021445536663028 1 
99.96821873293926 39.21966455163296 3.0181305169615196 3.692182625321588 2 
1.0011952042827228 37.98898264916796 4.581294683190638 5.059456768782212 0 
0.999722382240384 37.30698525440517 4.571601685995485 5.68045965370995 0 
0.9990474641419758 37.70012535462813 4.501129315910057 5.364951323116199 0 
0.9996903948815601 38.17236276261537 4.561055955667296 5.214871646265707 0 
99.80999664269746 40.120255978458644 3.0852638634545677 3.1169202294323095 2 
0.998906164683719 37.31407285641165 4.543865492862843 5.36549337128807 0 
99.96906832982431 39.315800350534275 3.007697997518746 3.6391347075324583 2 
49.96210265261 39.00222472980084 1.0651489011405602 7.255601243198476 1 
50.09753426113439 38.76923718653163 1.1083076404263321 7.026381471488519 1 
99.8760099357406 39.63216068629167 3.0011730562786325 3.411852960040211 2 
1.001733177938373 37.39963471195246 4.513346921610098 5.489939013731716 0 
99.84387712952748 40.916754444044976 3.0721912431902014 3.492103531346722 2 
49.9514644916816 39.83220238666871 1.1829738933135565 7.064990688820491 1 
1.0006570190368365 37.4978519271611 4.59331506790014 5.511870573795786 0 
50.052387421165164 39.33524295819732 1.034386424068147 7.049747933721052 1 
199.7287881364679 39.342124061983746 1.0477647916036505 5.071167885454379 3 
50.06750457327144 38.717025178884846 1.1524509179490443 7.200258606862992 1 
100.08229179316132 39.05855900766757 3.0887055108957395 3.4038753594260034 2 
99.93800240411832 40.52275099700625 3.020632034184251 3.734919014462737 2 
50.04338339461836 38.35118591422137 1.1957194874755868 7.205198523425772 1 
1.0009905875010392 37.45143973255674 4.520257029209564 5.108690318303883 0 
100.10799862278412 40.5943134262692 3.004338426303634 3.3544973801989575 2 
99.83339192904661 39.56625416661508 3.034584898557468 3.4377069080293587 2 
100.19375275858401 39.66004699727081 3.093238862677835 3.7081044467772117 2 
0.9990332255776705 38.2960969475125 4.5015905407476815 5.011821702522352 0 
0.999962049789494 38.53857068159838 4.569587492552273 5.55095699599649 0 
50.04154327797807 38.22592400106415 1.0741641459026403 7.094216531639735 1 
49.91029717632583 38.95434628080871 1.0669079443868854 7.110647248029799 1 
99.91305796943867 40.81765920377749 3.025823731747244 3.069092845291966 2 
99.98831129596428 40.603713766040975 3.0043833639145805 3.0565984258959698 2 
100.18843336470346 39.776093532225296 3.055115356468647 3.0915869038392083 2 
49.90303980182247 38.789244968453545 1.0366834484302336 7.030604808585854 1 
0.9997429432784887 38.299984306541894 4.536583761354783 5.202466718084578 0 
0.9991273542756711 38.331616358653314 4.5413126708871285 5.687426785116837 0 
99.93153696298589 40.84791025976566 3.014957370770314 3.4113160340778896 2 
99.85817277785917 39.626562225865406 3.0533409514620895 3.4318168097437267 2 
100.19856095500556 40.09974614313718 3.003224352354007 3.0453749274018778 2 
100.03056415658219 40.02933668392833 3.0162894948113532 3.118475230340129 2 
100.10853038358337 40.593455301928174 3.074314884126585 3.7957815967535966 2 
199.6444807647068 38.84371671276586 4.3001260443505664 5.453623416801161 3 
0.9984258326422933 37.54218330643123 4.514648041804103 5.074322103272748 0 
0.9984342623854295 38.22013667774266 4.5480694563922155 5.596272506594211 0 
49.957278709635325 39.704465937173424 1.0787870260917893 7.23409341753836 1 
100.07254249466482 40.80915099476876 3.0540497142086314 3.330902337918712 2 
50.02107235654572 39.13185047315763 1.026949713760763 7.246920616176411 1 
49.9123151127734 38.663556426627984 1.1011670790162449 7.232003377514421 1 
1.0006045057989443 38.8238118982746 4.500744070228279 5.042572087020206 0 
49.99465773171751 38.87355007900576 1.0763034383993895 7.026655025736074 1 
0.9986243073891983 37.758370602483915 4.5548619111606765 5.721773228959108 0 
99.87535817946278 40.3429468641152 3.024764328958915 3.002366120413545 2 
99.84139322591587 39.13149405740251 3.0828594900235293 3.2917513845369237 2 
100.10082495474397 39.713661666971504 3.019871768160119 3.221920498206567 2 
99.94627237150009 39.343412686560434 3.068099857260817 3.726391052403023 2 
50.03584979347288 39.098052674884826 1.078126532512776 7.186794598786376 1 
1.0006842167111833 37.032559719742906 4.504649412457553 5.446739184525501 0 
50.088483466383295 38.802318415559384 1.1180070184733222 7.163790227552869 1 
49.945902429987406 39.725228411461956 1.0956318989084763 7.142486593429808 1 
0.9982108595048905 37.91080212980039 4.517199546171823 5.521995033579219 0 
0.9984442229581724 37.990528732707894 4.525792486324929 5.748225029717879 0 
99.9269298227001 40.43701240772073 3.002774970311262 3.3044235098079384 2 
1.0007609680097176 38.84043824945642 4.5143152317878235 5.342276418471231 0 
1.0008837818083538 38.611780781268 4.547337615206416 5.543245391696011 0 
0.9998672952780283 38.28133993782775 4.528053111196263 5.168120865194749 0 
100.13013446545463 40.447081167312156 3.0999336275708176 3.499027390011234 2 
49.91734338270908 39.20311339896363 1.0755168296379938 7.169883076127851 1 
99.89029540590585 40.530096447106494 3.0269993032008373 3.1783074090442467 2 
99.90445374926408 39.725019648525596 3.035969493691082 3.335286192634283 2 
50.065243670345694 39.08925153336258 1.0779890892738002 7.002455809365778 1 
100.07438022462325 40.42142079931664 3.040884175752834 3.0404601060989704 2 
100.07755562522627 40.444104417801675 3.035733931952601 3.4235800576341435 2 
99.83353826411948 39.336304188861014 3.0610079212199137 3.047106090600421 2 
0.9992304240502025 37.85865010020498 4.503705541660232 5.338959039808467 0 
49.98934159602699 39.34899592524638 1.0059448484979676 7.054515510179666 1 
49.979139929265614 38.13385088515347 1.027253613127779 7.189317476246487 1 
99.90805637642156 40.241783233412285 3.0919176483170676 3.65542084022726 2 
1.0009965759216912 38.27515914615531 4.57110652087611 5.588321839222843 0 
0.9991284703939445 37.01636469456859 4.5146651916398515 5.63043575349146 0 
100.15074939060783 39.29776265720774 3.067125660893615 3.0772133342012964 2 
100.13232026687317 39.68623810394055 3.0989211272043904 3.638918692786173 2 
100.02072919809653 40.910083290998244 3.082416888259912 3.0410321784521868 2 
49.99942539490516 39.07305723265333 1.1179551304380375 7.086656203025496 1 
50.07529065325898 38.01679102858634 1.1945885794405664 7.121023498538306 1 
49.95677976497292 38.73437813817353 1.1995034176526498 7.279468018472841 1 
99.8052018518355 39.65048431285773 3.0249184436588887 3.3428308653943564 2 
50.01315637205121 38.54696653569165 1.1255370636139947 7.1198765137479665 1 
1.0015488386737017 38.46795792801732 4.577963662290281 5.481379323816699 0 
0.9990830988924972 38.19134151797094 4.56740200009804 5.724657122276993 0 
50.07530972237444 39.60745090880366 1.105053566087885 7.020684158607205 1 
1.0014074587401631 38.939637802976534 4.5472835873375805 5.405256238688226 0 
99.9602766741292 39.30645531815858 3.055747261804365 3.1717457807339815 2 
100.19241630596012 40.99043995079247 3.0746460500585266 3.5052639686326996 2 
1.001941710691104 37.510776218270756 4.518010357014384 5.275751452236888 0 
0.9998633396551365 37.309290981441826 4.503680799436017 5.524414023341389 0 
49.991044266681236 39.394431055537396 1.0335084605814604 7.176011068426042 1 
99.8277010142815 40.13407370333525 3.0436687645146496 3.635149771484591 2 
50.00442997598941 38.56453707633354 1.1520515860941218 7.163647670335506 1 
50.01320588245397 39.823258594253524 1.0036436006851928 7.222263871077547 1 
99.96277174625266 40.786840665509835 3.0266346991292776 3.699366718831026 2 
50.028584545495285 39.015686002744246 1.1614951829560647 7.024794803082697 1 
1.0015969332479302 38.72727232873654 4.572782636520732 5.359543513876647 0 
1.0009649549767845 38.441231681946604 4.5351832754545995 5.65951802758498 0 
99.97184670297392 40.8037697557363 3.066183165004956 3.0153709549775862 2 
1.0014798799847862 37.43918321832291 4.5480336055311685 5.477262428864423 0 
50.069572507728935 39.511514620555516 1.19137711156011 7.205325222741479 1 
100.18194255515542 39.85172044523722 3.0990089349330403 3.1949826297692163 2 
1.0016933846529639 37.37167233867616 4.5676507274189255 5.497191401964353 0 
100.17496928837181 40.509859903964305 3.0611060727034967 3.3696096756936478 2 
1.0017008983676172 38.71692002538436 4.5552386601064345 5.127034798238342 0 
100.03033075320829 40.4646062468707 3.071827264136658 3.2612295124836512 2 
0.9997671428580054 38.74078640094051 4.578205436605025 5.268296397774959 0 
50.08099338520407 38.872606591449895 1.169207882390644 7.093930724866988 1 
0.9989573069964636 38.994025214812446 4.5634679984264706 5.351543190077892 0 
99.82009213618274 40.27970039107608 3.023937895766918 3.0898669224898696 2 
49.90469278716534 39.195756442227946 1.126779652092853 7.126453125960332 1 
1.0013635545279362 38.93228567472382 4.545698525596089 5.574978951912687 0 
49.98843889349522 39.1485214257223 1.1844469263263584 7.274478065287699 1 
1.001620540990264 38.67459047129997 4.57948758906434 5.526147425455794 0 
1.0012538134364843 38.962431319808694 4.522398745170474 5.729785558684115 0 
0.9984663409994324 38.38806124724744 4.5897128157546785 5.414048597582847 0 
100.06582031017173 40.87524885991881 3.052011566943284 3.258012293693619 2 
49.95711673144384 39.783869898871174 1.0469682091167711 7.227400545570121 1 
1.0013355566805755 38.670974629281126 4.534116242693371 5.181944747241644 0 
0.9990899093933142 37.42652471812488 4.566136999712118 5.77171758648588 0 
50.09935308038658 39.244337766193354 1.0051109816999628 7.208384632723204 1 
1.0001107487519438 37.35628639527459 4.558651067759689 5.249186472463671 0 
0.9984894891072302 38.03351069502852 4.547503636113432 5.288185980455618 0 
50.0480732169122 38.522348367224524 1.1072751190865233 7.250483042829617 1 
49.957699354952055 39.16111911584726 1.1052255950290417 7.284331019080073 1 
0.9996533992162318 37.10830900923394 4.59056822897897 5.181211592851178 0 
50.03597262619456 38.12013665164578 1.1326197885721407 7.266632790806303 1 
50.06043204159579 38.73624191244599 1.0542005702308745 7.111186709163727 1 
0.9982239372381404 37.40014585438405 4.572699194640583 5.351395989690994 0 
100.03673059919628 40.307069753255625 3.0551267826062873 3.165801356764991 2 
100.15894597928458 40.31717062417622 3.090607205362566 3.3558750634768484 2 
0.9991184744730879 38.418265324250484 4.52618130879914 5.450122046854984 0 
0.998061639815822 38.290905958767354 4.571006006135694 5.531061945691505 0 
49.96842535244995 39.01904281755486 1.02417242296471 7.209618073875451 1 
50.02164834632389 38.86652225785178 1.064444821372992 7.018316883592919 1 
50.013521470893906 38.628144074454305 1.1007299823502419 7.115235075327877 1 
100.09579903098403 40.7717551700139 3.0217705176589766 3.1589593553604054 2 
100.09251132424443 39.89600843396361 3.008919110861338 3.628854163519107 2 
49.948851949632214 39.066891547224046 1.011963023685476 7.027449637829743 1 
100.01467865306982 39.78814022023235 3.052135470143315 3.3848465511235566 2 
0.9991181394269362 37.51333823267189 4.501065734835473 5.5818718675456385 0 
49.963183311449995 38.68034768508134 1.1864397241137539 7.012834829459487 1 
1.0000963658494395 38.53985245843496 4.508106178039886 5.068429711058467 0 
99.93945784899317 40.50722171078856 3.0664001792525095 3.3801720683086476 2 
50.08953372876579 39.41318175813371 1.0076239984000714 7.205821901788159 1 
1.000205162910118 38.41790138538103 4.526778815520703 5.17821950054223 0 
50.06184996710823 38.643623965975394 1.1947890998638677 7.281441651207493 1 
49.94476456090911 38.323812323181855 1.072000474986313 7.2509678957632095 1 
50.02355690996715 39.03220848871695 1.151701928067162 7.018369000448329 1 
0.9987381484653088 38.99686577793498 4.563017232710192 5.615518332697318 0 
49.98566588619189 38.54004960641972 1.0863608403008567 7.041104498803367 1 
49.91371543772321 38.6788307435199 1.0324983759377317 7.170106427413906 1 
1.0014616039628 37.97688955928921 4.590238712561207 5.565890947133834 0 
99.94054979237917 40.97054286298778 3.081182636414597 3.553100372303719 2 
1.0008774857968712 37.27822979452508 4.558561218055596 5.512572103445326 0 
49.97275323593931 39.46075100276406 1.0170921494987524 7.209660409265724 1 
99.99062470867874 39.75565953848242 3.071563389851652 3.583106593540685 2 
1.0003259737281445 37.03797851700672 4.588967161813237 5.608429804757846 0 
0.9997716808553107 38.506852482225575 4.5763746993485 5.435139721464469 0 
1.0004718195789388 38.63447880830962 4.503828213894616 5.624644019291685 0 
49.92151541529226 39.73815105569553 1.0406936001547835 7.212826974187098 1 
1.0002194922706942 38.68162818023215 4.547386977932711 5.154455259104895 0 
49.98415943630009 38.66237940597901 1.0635582896867821 7.165951680392151 1 
50.04086155936004 39.54001096255974 1.17840726550854 7.1838548081379985 1 
1.0015749053168668 37.81347578210022 4.562333538373498 5.6358275637495 0 
99.90826601966192 39.59410191743326 3.046452509681529 3.575190138769748 2 
50.02077724214001 39.24166706224346 1.1701596816896918 7.039918842948726 1 
49.95843714091849 38.94703275321847 1.1230911769873964 7.059586050325774 1 
99.90451391324206 40.102311011734535 3.084617894555876 3.0254411820456952 2 
0.9996996716220459 38.27734560452068 4.535377612822626 5.793232569784699 0 
99.82383719736244 39.424774594753195 3.09074471185184 3.424421464331654 2 
1.0017436906567292 38.54082646956273 4.572385657281143 5.2303454548493304 0 
49.97274115315417 38.83365838418702 1.1708774495425625 7.158181717651246 1 
0.9998390547137759 38.4253757346367 4.503229502416142 5.409244111907588 0 
1.0010086252354566 37.25399219788467 4.539573814074795 5.668610422620739 0 
50.08562194491605 38.20974823628181 1.0305365783538674 7.21971245497318 1 
100.06791010335782 40.774932916916796 3.0590282937304036 3.2803783844335106 2 
100.07399228975571 40.119534911554574 3.0648140388110288 3.5914109886173393 2 
50.099375213786715 39.035888404295164 1.0596289761685542 7.050700761249337 1 
1.000608720860441 38.01646074580588 4.538303386842372 5.298908796499386 0 
1.000256167675829 38.4084774858592 4.591025830734922 5.710288730095774 0 
1.0003114951839815 38.09712972985108 4.5862623852673075 5.246132044499797 0 
50.00574528982374 39.85963292781186 1.0216056563581397 7.081755463515867 1 
100.05491812605811 39.56455821736713 3.0821530692473766 3.011994962965863 2 
0.9980393345382953 37.28473306816034 4.576960176363248 5.391020748584165 0 
49.93790502267554 38.59688620093507 1.1638062955803479 7.078363171376807 1 
100.14654752198746 39.051452732288965 3.024473869612708 3.349872107501572 2 
100.08723238503778 39.39940766607327 3.029512967450683 3.4606450034165896 2 
100.04664058526812 39.28683041320877 3.094647914622686 3.4188769161273083 2 
99.80601053852573 40.936661368675544 3.0120644498544347 3.5225839225443427 2 
0.9997510113226168 37.36543202920295 4.569162917430984 5.248265438360462 0 
0.9984525606509013 37.86077941406745 4.582964107542163 5.527553241755278 0 
0.9996522624308491 38.339544371689236 4.53302140899545 5.714670409636652 0 
1.001387709084784 37.31801627696128 4.553202615909681 5.660014433724951 0 
49.96756076854845 39.232473846010606 1.1771186535251155 7.087910685614887 1 
99.98232090052907 39.23526060840286 3.072030191750811 3.7721650902131105 2 
49.91231980926748 39.3612781942461 1.104973345536257 7.261136462707144 1 
100.06991722943884 40.75590046651823 3.0577489618049962 3.008196388221695 2 
100.07740040949227 40.718986649453214 3.0240396641748637 3.7350275019480392 2 
0.9981493292489293 37.39588678134403 4.580561673156908 5.132960932260179 0 
49.9937213682159 39.80913787452733 1.080200594701793 7.258410601903464 1 
100.15962809992573 39.45780339187357 3.0690003068462075 3.6239063653924113 2 
1.0011954535612704 38.21245725980892 4.57394635512362 5.075818386973932 0 
100.16357689204708 40.938941054777 3.091248052548859 3.441255628716122 2 
50.018733805521116 38.264500314206906 1.016559764770206 7.291109371446476 1 
100.11829625087304 39.5903247373431 3.0501748087143494 3.747710971217892 2 
49.9369403312487 38.66332825130702 1.0623375212193724 7.196169240988512 1 
1.0010380260080263 38.904329289699184 4.5078124125634425 5.475257698770888 0 
49.979091090665364 38.01560128907305 1.0856710540602723 7.161490233031043 1 
1.0007444746151166 37.65807402891049 4.505573516070907 5.013066264931679 0 
99.84167633464844 40.62321522853287 3.0602084223107724 3.543875342005064 2 
1.0012922594510076 37.345195789641146 4.502526689690015 5.603833979063575 0 
50.00596668499331 39.80440312348464 1.0211388715909189 7.015143223647584 1 
99.81340551676762 40.93991144198741 3.0757344833993363 3.644541738990095 2 
49.93227810999681 39.12408835546997 1.1249652300842155 7.265747028437693 1 
100.02097770615106 40.46132849498636 3.0046035887403737 3.7101541311899284 2 
50.04995631074952 38.036868776720894 1.0769022407361681 7.249603896356126 1 
1.0007009881100866 38.29861054813281 4.591417847934137 5.020502551751144 0 
50.02660518057345 38.927555928890484 1.0978436395001272 7.170046095303448 1 
49.9551616223041 39.85780304030578 1.0136145300906994 7.118358674836679 1 
1.0006035349551696 38.633484738031036 4.513495629498764 5.065251745913127 0 
0.9992986735233363 38.01969226328683 4.509117606191685 5.7351604415624555 0 
49.93914819875087 38.37999848187856 1.1864288587504792 7.095937150896721 1 
99.99345427255032 39.754756921485445 3.0289976097775293 3.1992728173177807 2 
100.19113081511058 40.20806925305261 3.0843763907905943 3.6880783366775063 2 
49.980125043250844 39.91052616614722 1.0580614297003714 7.283585964954604 1 
0.9984317096496286 38.955857158940425 4.53263315676627 5.432413698547685 0 
1.0014783556240148 37.03387363352045 4.546130337131251 5.220884146991973 0 
50.01521612111473 38.52327997395988 1.0327720947695842 7.217110697006062 1 
49.91248546998731 39.45631491313868 1.1712151636920873 7.1146335106502026 1 
1.000618349026003 38.947872303068564 4.583712294596517 5.202803441855302 0 
100.01533147939071 40.49830950629108 3.0333949261627384 3.567729416848628 2 
49.98651595987925 39.66619057419824 1.0587889772017613 7.133117845289417 1 
199.79530372962773 36.89627208961627 4.428417497514971 4.640182927090486 3 
0.9983984499354912 38.54563617933776 4.500262053834614 5.398913855367046 0 
100.11101281688133 39.58828829631062 3.0582614508769947 3.5254294229102334 2 
100.10205919869938 39.024396619688936 3.040221896526636 3.2173626769473307 2 
99.89221494937726 40.971410453007806 3.074402342119564 3.5322437923919856 2 
1.0004807314795916 37.28207201871996 4.595831891148509 5.415345383732 0 
100.11560035441303 40.28188253582432 3.0743326795444195 3.6515873995012282 2 
50.08459345661777 39.2067562208961 1.0338886242015568 7.207581016507791 1 
49.921618478338274 39.245490211479904 1.1725416930710575 7.234108231698799 1 
49.93780539397386 38.55074962215877 1.099337134669586 7.126058533339102 1 
0.999350340695999 38.113075119036175 4.560681083688841 5.406576717111021 0 
99.94038551554121 40.20505203621171 3.0360936423929847 3.6306376608904487 2 
49.954270002410134 38.94129180164904 1.1206408183407472 7.146468017810179 1 
1.0010683035966286 37.77551245992357 4.591288690025991 5.541449786634972 0 
1.0011599731547773 37.16566718822739 4.51476470413939 5.195590036551781 0 
0.9997175961904596 38.84742042256737 4.5234993491039 5.62112960509628 0 
50.04984421638166 38.66608380092803 1.1774099999440553 7.039941247971157 1 
100.07911125476807 39.75347896132553 3.081327798320069 3.273867886732749 2 
50.03111712620411 38.99309212952013 1.0746377645336262 7.202602184917366 1 
0.9986519703946541 37.123377155456936 4.541273077095103 5.636088795573861 0 
100.11648388760193 39.147782014607984 3.061499744353001 3.593478683097401 2 
50.085032351458864 38.418503844168214 1.0987935431970222 7.070237453991735 1 
49.916783777889414 39.46197111185977 1.068660703731209 7.229154757451028 1 
99.81385488311182 39.96748383838138 3.0033172093416587 3.2941604394945907 2 
49.99645528193918 38.59838820800706 1.1425684243016967 7.151066888499785 1 
99.81653500263893 39.35767360194865 3.095674789750465 3.7243754612925235 2 
0.9986985644900452 38.676084856254676 4.566644264592601 5.5629875320903555 0 
49.9537550750432 38.74911853877456 1.1452952584112241 7.269425945151018 1 
99.97335852209258 40.89261673270875 3.054997210267258 3.709420619290916 2 
1.0014327315097726 38.65395878696593 4.565649632555945 5.369981806481001 0 
100.19445191046528 40.52778486316153 3.0785908456068025 3.502385561340955 2 
0.999460874393421 37.461871407116234 4.595868068210421 5.753652427011397 0 
0.9992633756533745 38.554349300946534 4.531763273442903 5.187102502141699 0 
49.968143916060555 39.26235797549787 1.187073860136387 7.150380332648177 1 
100.19429351425167 39.835454942609246 3.039757358748516 3.4726142860691303 2 
99.99013664343484 39.95772277362863 3.0032029555896043 3.0603657354185545 2 
1.0006948298734248 38.29387204056415 4.536336589301043 5.336686255739325 0 
50.06418001966503 39.240062330916246 1.1390073951796702 7.063732921684297 1 
0.998876131275946 38.95596691049941 4.597041986479167 5.359668796038993 0 
49.95168795320804 38.82857389766656 1.198586704376233 7.10016145028088 1 
0.9985484764502158 38.98239508558271 4.558501281072033 5.522272398903235 0 
50.0078710903175 38.35759526169317 1.1786579885017887 7.009064056903142 1 
100.00524630315715 40.10491376730318 3.0128056728581725 3.3985009443295167 2 
49.98766914689919 38.63535232483934 1.092466125775702 7.00323285439927 1 
99.85381146951431 39.34549268654676 3.005936800582261 3.395149800871806 2 
100.14434884933453 40.62710532351498 3.0815796665935884 3.521785463758644 2 
100.14174216063599 40.86720718382654 3.0451061747305457 3.176476854092277 2 
1.0008638097588323 37.44323757772685 4.5582752271531675 5.58556152813453 0 
1.0011315292640932 38.217993934204735 4.508901228046494 5.007688965338863 0 
0.9999083614413297 37.77696103804137 4.581242153141583 5.500859711133182 0 
99.85103286304589 40.145052193155344 3.008797040732853 3.5817155763071535 2 
99.97461887935263 39.35062493161117 3.0560184790017533 3.378382943093476 2 
1.0002512719322854 38.783693461273025 4.500846200221841 5.065806235491782 0 
50.09264216911797 38.46246025986288 1.1641356240543819 7.117749734282276 1 
49.99938044325684 39.89632910721384 1.1951067824613257 7.021172816380355 1 
100.10693568541322 39.165141954158706 3.011803037603061 3.2848895747302675 2 
100.09877726109401 40.22272257156679 3.09843603463265 3.1794080515335956 2 
0.9998964847430816 37.23522306067156 4.575134221782399 5.064275349947831 0 
50.08847137659943 38.103222548549404 1.101737440248412 7.248269671910305 1 
99.8856039077243 40.63526879069566 3.004913017211696 3.1447592829204525 2 
99.94508739612711 40.30943733622721 3.041808544998579 3.3582165974158005 2 
99.84578580874444 39.56478650539907 3.038515410557371 3.0082362615824207 2 
1.0014464323191024 37.69635821292045 4.551598398041379 5.330557489636478 0 
1.0019191904179097 37.00255124827973 4.581466783569766 5.526752311955014 0 
0.9985951117609654 38.51039300420226 4.562950781203989 5.508525032105298 0 
100.09984644933097 39.244653569555325 3.0100105170396927 3.475975098177092 2 
50.011997574180775 39.20213374501454 1.0284119706549457 7.152259774627787 1 
50.04646307954344 38.327317679513904 1.0157352178995775 7.00208750867421 1 
100.04067760961897 39.0164236900736 3.0632649601411104 3.034056424824734 2 
1.0016831046458048 38.60908936954364 4.5371828970397425 5.674286550146965 0 
100.00367253407504 40.69839942903326 3.0384073712713624 3.4001946104845 2 
50.09281204796062 38.643662473194354 1.1879074281500606 7.226393459656095 1 
1.0003795884007647 38.64601845626382 4.5973360191383765 5.426825277779632 0 
49.97925260561315 38.46152405606389 1.1409206187601382 7.158299193064688 1 
99.80564382067548 40.254256442231636 3.0890948127522115 3.786018200331332 2 
1.0005876666504472 38.06931756977297 4.5844197586956215 5.473745408220528 0 
0.9980308543076809 37.5039384241692 4.561970568632519 5.3911908007019065 0 
49.97749031510095 39.000560849203424 1.1602304789003317 7.1387808117228255 1 
1.0007349871851035 38.18699020790746 4.59395829168891 5.0069235614625125 0 
49.975069338851 39.49088719356828 1.0682772341779048 7.086864789122266 1 
0.9987752952731085 38.14343273972309 4.513348911115562 5.02049570021803 0 
1.0013444376086311 38.158201936646066 4.579706798116066 5.520679678659576 0 
49.92191599098805 38.07426150985248 1.1355479566419904 7.166877171361886 1 
99.8250439481586 40.646276627954705 3.0474623092199584 3.742808769514385 2 
49.92569699983892 38.10886554240825 1.005976983740551 7.134033506566186 1 
99.95651579657424 40.14622004731359 3.0565684248650085 3.652185294830246 2 
50.021028189851634 39.4519997371908 1.182368123074809 7.189990845789827 1 
1.0006550532633423 38.322572230760095 4.537296401756489 5.661028219223975 0 
0.9990149913316632 37.13219111644642 4.535320456314231 5.53760135384102 0 
99.87288636532037 39.79545641154217 3.022362848523988 3.4091996938353915 2 
0.9988864993332404 38.31734230185523 4.553976283031802 5.792544921016338 0 
50.04974267904255 38.20440254263027 1.1845034113878483 7.2282160779678435 1 
100.12870303845057 39.48885346634424 3.014472524630413 3.714508145199699 2 
100.09449046407562 40.7465864383856 3.081139973951518 3.5087746861589952 2 
100.03609157028751 40.20521528004136 3.038270506008523 3.055478297839559 2 
49.91886945569437 39.684077653642575 1.132058587865152 7.150403296622734 1 
0.9981593766767913 37.971551173759806 4.540426655016251 5.006482429353808 0 
49.9774453693046 39.15851511573037 1.172356987079878 7.236653681306538 1 
49.92704514522023 38.097396165957406 1.1661958461164623 7.183105269280235 1 
100.10265530296908 40.721741359054235 3.0592899220211494 3.597097974202548 2 
100.12092453213076 40.54038793662509 3.035034348255092 3.468633958247112 2 
1.000804547225152 37.62379610893665 4.5556121755031125 5.515816532960346 0 
0.9991436743387658 37.1822976106106 4.552803721709669 5.697385114574206 0 
50.01558911309526 38.9194672611898 1.1510833519122845 7.094133543300991 1 
1.0014285607312443 37.59981320707432 4.583178499580327 5.63513466630967 0 
1.0011278862086521 38.65263685133633 4.564031582228469 5.690841996528458 0 
0.9980651165943696 38.480252668063805 4.527900952814439 5.047637973028264 0 
0.9983943051750341 37.86025348163342 4.5026385280085535 5.326719035092654 0 
50.00189854265367 38.18657523472177 1.1175216839895106 7.051447035052358 1 
99.91972166945865 39.890471103889254 3.056933389541536 3.465483722748487 2 
0.9985288024609525 38.99449141615287 4.507067810230133 5.425489109363761 0 
50.00785362330025 39.17750223231038 1.1170536481177575 7.273728422715963 1 
100.17302355365162 39.793608839305534 3.0377802588865004 3.7277085608309 2 
50.03235577403619 38.79602658275418 1.0285504610725391 7.1388969552977635 1 
0.9993393338950572 38.3491698898251 4.551654408127662 5.0685031220151355 0 
1.0013402325108216 38.44432571148134 4.541206793675277 5.604543525647677 0 
1.0004483748133535 38.10847485838781 4.5373789101747555 5.15089181042776 0 
1.0001518343780975 37.08482154119305 4.579161769507179 5.16312597260246 0 
0.9998239091235575 38.92059425392522 4.531470367328776 5.276500704058312 0 
50.017039735826295 39.587300834897135 1.1525075963335807 7.276905661418576 1 
49.92270618937624 39.91047119162655 1.0631992359148188 7.159349974517572 1 
99.84879177922086 39.581538808640595 3.0040960876630933 3.738414593079418 2 
100.08854258351326 39.53993622721728 3.0189331771892016 3.64913298922367 2 
1.0008220716432694 37.96906121109113 4.565899740719769 5.598010832261903 0 
0.9980229253217197 37.11791307251104 4.557736181363124 5.238380967224853 0 
100.14543888328011 40.85086738660191 3.0010262071097316 3.3310805551205602 2 
99.94325650540857 40.59737347212389 3.0739249262101405 3.327247777358668 2 
50.02685612104741 39.70112121915476 1.0238554182611643 7.1816979485276455 1 
100.15305097999524 40.45908377829484 3.089956931138285 3.4308034261254843 2 
49.97637542576156 39.687523327462294 1.0024405964149965 7.063269340034169 1 
49.95839629999308 39.47621088827216 1.0790917570267118 7.13980603193373 1 
50.06816716487206 39.60809524788962 1.1680836209334815 7.289535413016136 1 
50.053903476753746 39.963207787247796 1.0591546690719873 7.2868700174123875 1 
1.0012037487095176 37.69402890937581 4.581132486106575 5.396721825421534 0 
1.0005943557192691 38.792628266233336 4.5054029011839996 5.60994181072475 0 
0.9992608728998781 37.0826518136591 4.568286779372559 5.6261730063872015 0 
49.987813034218505 39.808715703096176 1.0324774188951256 7.134981559965179 1 
0.999751554202109 38.72816783892589 4.501232265627831 5.658078301749719 0 
99.88422128739813 40.696449269622875 3.0077484538799912 3.7352048870328614 2 
1.0002399019316686 38.96240725406097 4.545594921607787 5.5940637304306815 0 
99.94081295673999 39.74299253521089 3.068641090240742 3.6001983589652977 2 
49.93121358292311 39.451058075239345 1.125619438486768 7.024870715388061 1 
99.97586385873188 39.98833085134769 3.0404235992947606 3.1800688842047986 2 
49.93129468693394 39.85632806707432 1.1100955657655232 7.072377385684371 1 
0.9985229409404212 37.746192270588324 4.554467210840056 5.021121682969297 0 
100.07055922057346 40.936041942172416 3.0741130611148924 3.761486154825492 2 
100.18733427969386 40.62370911785905 3.043751478554021 3.3803106129475426 2 
99.83994527698825 39.10963595479091 3.06803015604578 3.08287336164155 2 
0.9987121556222318 38.88784493502225 4.582155001748748 5.599254950342007 0 
50.07076254276392 39.6205167130853 1.0710600617510566 7.175597433011747 1 
100.11913926311986 40.70595623249889 3.043293041723647 3.648173956491581 2 
99.93303538632456 39.66536895287861 3.0745127204402487 3.2863294591166836 2 
50.09811585175968 39.08810807115901 1.1657970981735717 7.076056026375361 1 
1.0016076536814207 38.08500224631226 4.515653333525272 5.392482924860321 0 
1.0013579017354997 38.84212976824262 4.588833472811096 5.517856148048885 0 
0.9983109416674275 38.530484207370414 4.561014705168292 5.7513771431942855 0 
49.94123505865947 38.66418650294467 1.1600696562897586 7.061134938464595 1 
100.01946433463031 39.23486810844616 3.073981659895039 3.7918436321340154 2 
100.08221292019726 39.127816204869795 3.067673943027229 3.5985410530985575 2 
50.09019498132797 38.67116116189946 1.1714889364068284 7.1838062199945325 1 
50.094023566016894 38.77283239825676 1.0427744056564843 7.008863274927714 1 
0.9982464409754372 37.267783615785106 4.5456590687061045 5.440964258770206 0 
99.90879858865648 39.91530139401592 3.066773877636879 3.7396218898202616 2 
1.0007225324965126 37.04915220170614 4.536618333907066 5.439575435882486 0 
100.02718002067246 40.90114438363853 3.0549097492682136 3.5120443578580045 2 
50.04865516044767 39.092930954530594 1.0562002094622853 7.207833484806476 1 
49.985602186273 38.741963254373836 1.1077506027199149 7.233185007807115 1 
49.95156638693229 39.2767775126116 1.032347275996882 7.239668938964996 1 
99.95424036195935 39.51138996212208 3.095650622537519 3.505164215670074 2 
100.14951019921286 39.87514346217276 3.0246551168437352 3.2382429473346406 2 
99.96746253815233 39.67207151966348 3.0303984221651272 3.524796190558797 2 
99.90850811552528 40.53595848921389 3.0604639741709256 3.0024383192604174 2 
99.90603809771811 40.46602900065126 3.0383169897674875 3.5901225575654987 2 
50.0343465455687 38.076684205809194 1.0841693616360306 7.030694383203081 1 
50.01930574929774 38.56339729096364 1.0103117915899877 7.066917757886504 1 
0.9993578896249532 38.87023850323621 4.582819032360685 5.780711766800432 0 
1.0004347259295323 37.71297247812617 4.547243431190279 5.454968786349527 0 
100.098568463745 40.50972522377231 3.008200116327987 3.2425185813712565 2 
1.001329605373462 37.80745388812673 4.517371605701116 5.095213626715714 0 
49.935534296568086 38.53060862469906 1.1399756660269973 7.117259631060788 1 
99.8469029837607 39.73725126369793 3.0610137182019344 3.5171913822190883 2 
99.88683154972422 39.870890840459694 3.0784405665901904 3.025645725568941 2 
1.0001117214495534 38.75725315934564 4.565654474315654 5.633238634788601 0 
99.80602438388877 40.72622371535088 3.017942021632647 3.510284538491635 2 
49.93737745338689 38.72308132149236 1.0929271981946678 7.212999488857549 1 
49.905979779239686 38.288924595939015 1.0425826589294742 7.233461597959502 1 
100.1287216964534 40.954382656924764 3.0783261414637804 3.242158134755597 2 
49.947785365329 39.438710889980335 1.040144579703728 7.225676305245469 1 
100.1997968444206 40.3181187775777 3.0341618960817693 3.611819407000068 2 
1.0010645691533258 38.512131932476734 4.546994098771687 5.6587190774035925 0 
50.02545366937182 39.72742105179006 1.005205242800532 7.02542181551049 1 
0.9989739077160763 37.13460298545576 4.583649607488761 5.628420828993858 0 
0.9987251113439786 38.19183725687995 4.521962292110309 5.738604359991048 0 
99.82940369189491 40.17963499747901 3.019502158626948 3.3462985852439164 2 
50.011595144247984 39.255603836644845 1.1528361157694833 7.2589696789380955 1 
0.9981673417336877 37.86086505401717 4.591376300192088 5.454785556364079 0 
49.940607375837686 39.81419333764581 1.016270165185252 7.187160662934945 1 
50.09811078203595 38.31149660405796 1.1546863453236953 7.297344522880926 1 
99.82221858348417 39.750558989440954 3.0907171233683663 3.420700784604403 2 
100.1974352326544 40.0361427914331 3.008366275337132 3.3418239613675675 2 
49.98558881819039 39.35811389598588 1.1461101150142257 7.047625802452752 1 
99.88008232787203 40.14347612263383 3.0655051710386485 3.512527726977271 2 
0.9993273926588573 38.15640784512191 4.5552099790297715 5.302412355107557 0 
0.9994745455530344 38.06478963126484 4.583487893629429 5.767535323974923 0 
100.06074592019627 39.470358725941125 3.0304405235555056 3.6313359746454994 2 
99.95046349535511 39.601562888611866 3.081873049318767 3.345076954722052 2 
1.0007051819812312 38.01238732231823 4.577170462020965 5.131286472724527 0 
0.9993276993057942 37.959367942493124 4.583872857943555 5.338259415725609 0 
50.059704614611874 38.97143629795885 1.048385225723386 7.094786962461859 1 
50.09901021418895 39.76946717820399 1.0351178351115158 7.225489343594901 1 
49.92616642148646 39.28416024971916 1.035632285528683 7.091653308930138 1 
49.977157338342735 39.963379572908586 1.0349870690380152 7.138280542205532 1 
100.07500305336556 39.64135087958599 3.0785262555520823 3.4864088833255282 2 
49.93037389964987 38.80522564339648 1.1866284056004128 7.28595373214381 1 
99.9152921296222 39.42907545946476 3.021948291091171 3.6258809007977435 2 
50.039227977509135 39.586803532690965 1.0024459058094708 7.131613991549303 1 
100.12649901440064 39.13165771892264 3.071794610285281 3.5345670382455143 2 
200.36964780344715 41.11583949718456 2.9439668546692825 3.425874388929387 3 
99.9532423932245 39.11049966875407 3.04191664116901 3.5225236905691277 2 
1.000291453826194 38.10607937402474 4.585463810876874 5.6725007859294285 0 
99.83754564798514 40.34718687237347 3.0632311056244457 3.016358765255454 2 
100.186122644315 39.714046578169494 3.0429872245428977 3.021302496542975 2 
0.9983193331597287 38.81576903276232 4.510928587721533 5.267718869931849 0 
49.911205052024386 38.40499953693929 1.1598031478799231 7.017110742293267 1 
99.90078968780789 40.103733236734 3.058647665796238 3.2201085053193754 2 
100.09915973884054 40.90736954629537 3.0656731642145005 3.5060506180103217 2 
99.82693666151266 39.521655824838845 3.059782896671298 3.3704484946862214 2 
100.11797090712858 40.11766616388762 3.0016684592155833 3.5190560418112398 2 
100.14671748776925 40.78177667793039 3.0886615778964663 3.1277809699626355 2 
50.01322343732967 39.362405286088446 1.176889347831891 7.059277947330963 1 
50.03043500306172 39.71075526028169 1.1976764676516527 7.057829663536064 1 
50.05966500970898 38.64134401997517 1.1568895044122942 7.0467427967250815 1 
50.03317681972355 39.7267932770581 1.0624469639444667 7.0615502461313495 1 
99.85304800012725 39.65388440197806 3.0221599882524135 3.336563849184007 2 
1.0009703595409187 37.0592247083013 4.559222066624713 5.440467893472382 0 
0.9994178886221342 37.798118458485426 4.504422418155158 5.178570835718974 0 
49.94608398863528 38.21547241782145 1.143289519894099 7.112938741597664 1 
49.997054978134 38.540312634765506 1.0429255460499842 7.161844068379632 1 
1.0013016880231924 37.31530196683472 4.558592211743302 5.635483561343317 0 
1.0007570492430027 38.51869398491565 4.58790928750269 5.6516775917861475 0 
100.15482325074174 40.70599971179952 3.022607228558658 3.1892339888835206 2 
49.947446435955825 39.02218543316829 1.0437097749066926 7.1711224133514495 1 
99.93670531506538 40.62129913831606 3.0186850716593803 3.1453782919952684 2 
0.9993396524386585 37.41852912933606 4.584569786263597 5.414511675288306 0 
0.9991940771403516 37.859419584117006 4.593078699438111 5.215248146493524 0 
50.01301025522412 39.90294357481202 1.110160145129313 7.089390083557756 1 
49.936009522396006 38.842073463207676 1.1864947574213305 7.024277351628711 1 
50.09449827361767 38.79511813184763 1.052456353846785 7.1368903298266435 1 
99.98669757143983 39.06677553554123 3.047042965995322 3.6268111140067734 2 
100.13831595973211 39.521094449812495 3.052663955912391 3.358665598826241 2 
50.02459176157829 39.7389978328677 1.1669044573298706 7.122656499333379 1 
200.1238071292884 41.71925639528611 2.593102292484958 5.673369807099486 3 
