100.00503971595508 99.95352887227459 99.9012777360671 100.19743136015443 2 
0.9994921941138368 0.999177375683959 0.9991047082263775 1.000895237937188 0 
1.0018545337213138 1.0006298036016799 1.0018652161773183 0.9993775325976125 0 
100.17276437384892 100.00101287684058 100.04924651741074 100.11151107447445 2 
49.9426809494244 49.97474560742469 49.903813535929416 50.0735958835096 1 
50.05530070565621 50.06965394348194 50.08448212377643 50.024908330155185 1 
0.9997800177624163 1.001013187109668 0.999473339116157 0.9980023044337843 0 
100.18834917124697 99.92246752636714 99.95056813626563 99.95755410201392 2 
1.001173083589998 0.9995174884801173 1.0007938525179456 0.9997731137170298 0 
100.1278417204383 100.10869660018251 100.11712467924852 99.89093992915144 2 
1.0012400475989574 1.0004661882762087 0.9988222967737033 0.9994573672496341 0 
50.00439274575176 49.96316457983348 50.0461887783884 50.02787460525338 1 
0.9993363671496783 0.9999562986848567 1.0006380135546389 0.9983370079595806 0 
49.99190790719803 49.90209810829441 49.981174502748395 49.917783262288516 1 
49.938973109111565 50.03226038694958 50.03438436907415 50.02246475674629 1 
99.92266641348174 99.92550859337408 99.9568865181376 100.10177343227208 2 
49.94691100757578 50.00555916449268 49.944085980038125 50.003225584294604 1 
0.9981899862716126 1.0001708839079206 0.9980650648525404 1.0019601101273894 0 
50.0705684229678 50.056704566139025 49.916460692691544 50.05597226044224 1 
1.000768195128085 0.9988334517125264 0.9992962172409344 1.001129071210066 0 
49.98799481990548 50.02161353746259 50.00688878781691 49.92250812321499 1 
0.9997063493840562 0.9985159028561148 1.0002843519165285 1.0008289471288763 0 
1.0009677276270261 1.0013396677268975 0.998767609762115 1.0004380141048015 0 
100.11606844712519 100.09962846652361 100.11544314091684 100.0955977168195 2 
50.02817267065852 50.066778769098924 49.940347231325525 50.073673685902065 1 
100.0566956324155 100.12893861426552 100.0423600573435 99.80880525415077 2 
99.99879579118927 99.85018769024833 99.94146660747438 99.95626500319216 2 
0.9993972428263164 0.9986692948810778 1.0012056123610678 0.9988918175851798 0 
49.95578176284531 50.064848747553185 49.95231316151427 49.967566400407804 1 
50.0097039062628 50.07471241266252 49.964364861149086 50.037364645307406 1 
49.96958536660436 49.908603098492215 50.032284335336314 49.912980167559766 1 
49.91957041412716 50.00473052297207 49.94061625552519 50.00737063098057 1 
50.091511366941404 50.0596890757219 50.0841966715898 49.95455455310409 1 
0.9994545422281156 0.9980274678221255 1.001672615733879 0.9988057784484143 0 
100.09605447899979 100.17998679142602 99.85887411423222 99.89810396669733 2 
1.001863356989798 0.998998234963286 1.0016260459311757 0.9995893828390903 0 
100.03912919312037 99.8923600087254 99.94498747855157 100.17421699162004 2 
49.97755738746442 50.01913082810441 50.02211466576851 49.97753767981468 1 
49.92786828658725 49.92276716799829 49.98415404197144 49.93520917217162 1 
1.0019434163304948 1.0005495051205524 0.9991805453697393 1.0016484730176007 0 
49.963588880099515 49.987079833941635 50.044067612055485 49.94857080829299 1 
1.0014578197198891 0.9982508010224255 0.9996489590657487 1.000437974865988 0 
0.9997637989094299 1.0013019398556053 1.001035280716204 1.001383151657647 0 
0.9986887169353413 0.9981464645002512 1.0019495665437301 0.9999431742211162 0 
50.069228850471035 50.02306366433183 49.956080517984496 50.067829638468965 1 
49.90241431095041 49.94315982949926 50.06784658750578 49.97867154426722 1 
0.999002217524871 0.9983370861856194 0.9993662113982683 1.00060421795586 0 
50.07109209158232 49.97835989639128 50.070118681431055 49.93778426227373 1 
49.90480656824736 50.04925293303151 50.08189540680942 50.071392940700875 1 
49.945413417155386 49.922958941150895 49.90751171306485 49.99545921709723 1 
50.05469508179968 50.011135863554756 50.03222603047208 49.933152533591574 1 
100.17625038835311 99.83593603801091 99.8795428684132 99.87931415792708 2 
99.98102490041279 100.01248197890305 99.81961650603711 100.190885433539 2 
100.1320064700168 99.95322706911723 99.98887160959552 99.9644472398943 2 
49.92080553038023 50.044443411152436 50.03517315276047 49.973116530991035 1 
100.1079491993467 100.10174497638931 100.0302484675774 100.07371771090683 2 
49.98879566674931 50.081664876233354 50.02414783232565 50.02367409063444 1 
100.1914198713921 99.80074305057201 99.98689582834511 100.19490980871876 2 
50.09666911034547 50.028422121226015 50.07316178392783 49.97950317492775 1 
99.83020266570031 99.96458499224426 100.1131615534759 100.09808195565658 2 
99.8914004013631 100.17164936777274 99.87492626823257 99.92430315241064 2 
1.000435339008644 0.9985360795079867 1.0018343295796335 1.0005713625217896 0 
100.02426398068637 99.90584076792818 99.95978004710746 99.81322539957776 2 
99.91524784574301 100.11874632657073 100.00563804603352 99.893335070498 2 
0.9991981842408428 0.9982533152538389 0.9989277188910979 1.0007904756151726 0 
0.9983090421096823 1.0008396031687794 0.9993093459730951 1.00141628193806 0 
100.04634805584834 99.8028696985487 100.19097817780163 99.82658412580616 2 
1.0013589491115797 1.0006501829518184 1.0015188514590805 1.0005138354941772 0 
100.09388636580512 99.9381635025732 99.93355736893737 99.9015319551617 2 
50.08662540370933 49.914986619128946 50.097409001300804 49.957108803589094 1 
49.947733404260994 49.92397248991282 49.924196320544446 49.912043630929624 1 
0.9984613585652535 0.9996219074247654 0.9984652168651371 1.0012156580819944 0 
1.0003776157742668 1.0007190324815487 0.9996957833224548 0.9982800995204528 0 
0.9981828537250322 1.0016143776871549 1.0001180768955127 0.9994116009686927 0 
50.013288895539354 50.09558155818742 49.92779978037076 49.9567646079043 1 
100.07642518371837 99.98749266821612 99.86796224218723 100.08542863109712 2 
49.96443563157835 49.92636335221448 49.96862524173973 50.06231667442264 1 
0.9991752501926677 1.0013838334683258 0.9986638719916103 1.000244110342125 0 
100.0029658022773 100.14286406692311 100.11027791150471 100.0799263291162 2 
1.00118324645238 0.9986039191232721 1.0002583828815037 0.9982421289975189 0 
100.1285090100558 100.19137759734787 100.19785585766789 99.86423501659769 2 
0.9980257662806383 1.0013757486122823 0.9990627269179693 0.9996297109775694 0 
50.04350166068915 50.089012607444175 49.998936179449345 49.90860585633378 1 
1.000885103071844 0.9988152023499459 1.0011202932045007 0.9989520264439742 0 
50.0822549699721 50.012137433228006 50.09735717579031 50.032227115972816 1 
49.994474576412614 49.9936099297185 49.95291223545497 49.913352990303196 1 
49.939560445999554 49.99178631344396 49.91255358374401 50.09580685546051 1 
49.94352167762704 50.067177391176955 50.08084737751322 50.05537268225009 1 
99.98696127571189 99.80339624752226 100.0966345459597 100.12540747423682 2 
50.056056483112 49.98101641697029 50.092405379924735 50.06466052211216 1 
49.928778486240006 50.09390456164143 50.079969386720464 49.92775271223479 1 
50.017777865486295 50.02953728477786 49.91600335448551 49.9744003705183 1 
99.85752122071497 100.16877915578345 100.08251433258958 99.92507579649242 2 
1.0010693319142083 1.001700481208579 1.0001820253849454 1.0016965730350542 0 
1.001702972207308 0.9986040722348292 1.0001404650222805 0.9980579809728054 0 
100.160787138889 100.00079154157962 100.08305126127333 99.93777462276432 2 
100.09866867392182 100.01924052018315 99.84248160410641 99.86471513458028 2 
1.0009332190765627 1.0004298458354637 0.9985809383824443 1.0013064533379052 0 
50.08713638262206 50.012170768063314 49.9858841165936 49.973985868392624 1 
50.07909695383431 50.00573591057774 49.99581119980308 50.05486761694054 1 
99.86790097224895 99.9545435603769 99.88460299532757 100.04274825691711 2 
49.94052734881176 49.938014965372574 49.977828241013 49.93538321367854 1 
0.9989594746451206 1.000822897169525 0.9991544812084737 1.0013433443620485 0 
1.0010064123786466 0.9988730073327549 0.9983771732192124 1.0012589563193486 0 
49.976693058200006 49.95209827609441 50.025077880407146 49.97653526407819 1 
50.03883394635753 50.090394093152156 50.057361324646585 50.037385840816825 1 
100.03860866114722 100.18548419077948 99.93657866240451 100.05952218696375 2 
50.04750062779095 49.97466625977167 50.002314452652236 49.90536728065478 1 
49.921206634765724 49.9992034174085 50.09506018178004 50.06606407537033 1 
50.05814000536528 50.037599398949425 49.90246236876909 49.96079705943553 1 
49.92620686443651 50.083039128492715 49.9819091390174 49.96410149995409 1 
49.96936678216986 50.06628240338755 50.04776844541917 50.054797697194886 1 
0.9994301911588427 0.9981240876827073 0.9982862846496123 0.9990422777251269 0 
49.91899703481649 50.059776482483315 49.923080002126 50.035605138611096 1 
49.967221613036216 49.93181561660344 49.90892594095203 49.986072794810966 1 
0.998000250787606 1.001985043876981 1.0018052083306166 0.9981040593967936 0 
0.9985068248486824 0.9999965044063227 0.9995838008219863 0.9982900665994067 0 
49.98634633397344 50.04718931224756 50.06124692032384 49.92657995770971 1 
49.93908269693891 49.99493886724592 50.07847916369797 50.007969485696265 1 
99.93809057158674 99.98384924039385 100.18739920321876 99.81404923038502 2 
99.88234511760709 100.06409526489242 99.83256602258363 100.10764655855436 2 
100.01728975991831 100.1729242056241 100.13929541245642 99.89287324707404 2 
49.99790529709915 50.044772104493404 50.07666525163353 50.02127576612626 1 
99.93507211690714 99.82495772769367 100.14152461782088 100.08727951802392 2 
99.80599066410534 99.93584315079991 100.16959846118253 99.99576231375589 2 
99.9719667357335 100.02532341177877 100.14023963087796 99.96559786556571 2 
1.0008817447044516 1.0005952665098583 0.9999316898161565 0.9987399336820717 0 
100.10072944597289 100.000520904966 99.89441727589201 99.866395788917 2 
1.0007463201120737 0.9986047000208861 0.9998074709096901 0.9988727900576191 0 
1.0015586640579477 0.9989608020225597 1.0017917422298532 1.0018899145519329 0 
100.1756585236632 99.9509383358838 99.90208078985233 100.10527299481217 2 
0.9987072222901769 1.0011681737466787 0.9987881907082611 0.9995148128078353 0 
50.032098884185615 50.09012262418267 49.98790351580699 49.93841770447124 1 
1.0004610212785607 1.0012622383917673 0.9980349192937658 0.9988641071438236 0 
100.13674780303774 100.19569269754311 99.94535317254969 99.93430197511738 2 
1.0010633902757098 1.0015273357805496 1.000546749929043 0.9991084239630437 0 
100.0125854993488 99.83474028942936 100.14751678011102 99.91965842543192 2 
50.04650734467453 50.02114162550478 50.032545311698485 49.907028536331694 1 
49.929198834937736 49.940618398579275 49.999934042315864 49.90040403655857 1 
1.0016677281349873 1.000492769410744 0.9993826313841558 0.998476108359826 0 
49.977620341905315 49.93382218424076 49.92120218291445 50.06457243735189 1 
50.0121498323904 50.05184938422752 50.01664031715964 50.079154240852446 1 
0.9984168244746048 0.9991726301835933 0.9984875035398549 1.0003029446493046 0 
100.02313529893678 100.0814787217501 100.13309135557844 100.04182880935578 2 
1.0000891676657635 0.9987371157944339 0.9996870270523249 0.9990003948136038 0 
49.93758782715842 49.956570976242936 49.90714924398546 50.070315389493665 1 
50.06696366752838 49.98597572346206 50.03461019283007 49.909678542931694 1 
99.87879636792242 100.0834511371038 99.8876137832572 99.88879628021384 2 
1.0018655221144073 0.9981792436155431 1.0017702777903166 1.0000371673888087 0 
1.0018625465399051 0.9988395950010739 1.000208299721791 0.9996615213945491 0 
50.009741207072246 50.02805987458104 49.965812328624395 49.93814982166744 1 
99.92712064113205 100.04013078510573 99.82296567449438 100.00573974652166 2 
100.13601288518832 100.05175955621165 99.85955399783526 100.07435142557638 2 
99.80915565568655 100.12883394050914 100.10209454176724 99.84752016531228 2 
49.935620262939864 49.99096872839588 50.05516939650266 49.980175208920215 1 
50.05128008917849 49.99780384831948 49.958346797116924 49.993337362311166 1 
50.04353377577602 49.9433919635389 50.02328242643872 50.03543246060764 1 
1.0013776625873412 0.9989471841155753 0.9989337058121689 0.9996001689613125 0 
50.08003755745466 50.03793140799825 50.091532489248394 50.01383735785829 1 
0.9992429002829692 1.001580719155617 1.000829534205055 1.0004859552200105 0 
1.0002582004312561 1.0005340071959632 1.0017618328084468 1.0007578623163107 0 
100.13317854525967 99.92552640748492 99.96666333697958 100.0875575814339 2 
0.9982680811111767 0.999076687521254 1.0018970762457655 1.0013514725319714 0 
99.82109646271456 100.0854365150161 99.9778257699495 99.88012769884729 2 
50.06697263722678 50.02791341200355 50.038973808908665 49.90610248025455 1 
0.9990558629650347 1.0019888516468007 0.9984837180608207 1.0015530015800105 0 
0.9985103131998021 1.0003188936503364 0.9999267121875839 1.001994140077859 0 
100.04067964802955 99.83695450875703 100.00824124013968 99.81938293714038 2 
100.09092754475606 99.95665904561075 100.15179899666656 99.96873865097889 2 
100.01999659305883 99.95947418165629 100.04147252783667 100.0087499377383 2 
100.06798227656387 100.10296911630091 99.91380613816536 99.99910702490482 2 
0.99948757079354 0.9983096794859703 1.0010894003871076 1.0001773879284306 0 
49.92147462310021 50.09680696366571 49.91005896928021 50.0839355553554 1 
50.02566820606462 50.00754671228557 50.03917203232083 50.04258785071031 1 
99.90411078445332 99.87734311006285 100.1236801929988 99.86951886005788 2 
0.9988336120400569 1.0009375262837508 0.9999285444562998 0.999945093791892 0 
99.94533684353291 100.19846555275785 100.17470437757925 99.93884137718236 2 
50.066450225291256 49.91256931218643 49.92526621946029 50.05185674888373 1 
99.96069865672945 100.14892528317382 99.99407210337311 100.08650667855645 2 
49.986333128714634 49.997288507058194 50.00307575937528 49.948137967635695 1 
1.0014947833273506 1.0013686606595458 0.9999791525019486 0.9984168449981542 0 
100.0736464297062 99.86544826727881 100.02286914129262 100.15141123943611 2 
99.93613989025577 100.09150904631977 100.03436677873573 99.89526717166507 2 
99.8546165828789 99.86651865458174 99.88070885763183 99.8592220682573 2 
1.0007061823640655 1.000305409138071 0.9989479194805346 0.9997173544563648 0 
99.8562045998704 100.10856669497899 99.82364441130024 100.16303065599936 2 
50.036375057449554 50.02842475466147 49.93002265075309 49.984198771358976 1 
99.86335441575844 100.02603240870208 100.04905857349918 100.19124008063523 2 
50.04875486442692 50.01199363345592 49.905363031600594 50.00002503055637 1 
50.011129163003744 49.91455766306075 49.91182354547044 49.90236530718893 1 
50.05201875154304 49.92850295018087 49.90550642110564 50.02031745676946 1 
1.0017539671473141 0.9994630031135878 1.000914723265523 1.0004306938239331 0 
0.9983282597499439 1.0009143925396082 0.9987873416182895 0.9993971828866194 0 
49.992202210761164 50.070296787204896 50.06078409474099 49.909113283095515 1 
0.9987797444400207 0.9997988059507836 1.0005591464064585 1.001571712903419 0 
50.03459335875195 50.07755699554436 49.92924222461771 50.0536430005602 1 
99.93270684213046 100.08958430460636 100.02057040495461 99.91752298886287 2 
49.915257532490955 50.051013966779486 50.03231615641814 50.058548291350235 1 
49.99052647449091 49.942416715353765 49.99950111994541 49.967547318014425 1 
49.922421803448586 50.02711236238668 50.03131369864058 50.03325314150644 1 
49.978767526355924 49.90391550948055 49.92692496009066 50.0352526185055 1 
100.04780782447185 99.98165569696242 100.17756062729424 100.05677990155573 2 
49.97432712925886 50.06475166620934 49.97138871481751 49.92409708507521 1 
1.0008077335822159 0.9997013908898813 1.0019835211516537 0.9990273959296908 0 
1.0018693710337294 0.9995543678170243 1.0015769034249853 1.001827764153942 0 
49.94991307743689 50.05203452498861 50.07737753414248 50.003388983265914 1 
99.96385303213857 99.86444513890876 100.1045355153205 99.98064367462781 2 
99.93126705698377 100.001159188894 100.06739545493681 100.14163266713958 2 
99.99773810687356 99.89857557813852 100.1153226132803 99.83703256595177 2 
99.93143522874938 99.81461646925997 99.91821351611046 100.13540199886975 2 
49.97034086550889 50.09657977769062 49.95089831338261 49.96780529182201 1 
1.0016322885326525 1.000255648805123 0.998144051832211 0.9983135109519844 0 
1.0000460424574809 0.9988244002252691 1.0005509293490749 1.000462619494409 0 
49.922100233666846 50.01529186399404 50.08615206030832 49.98817705548021 1 
100.10326359989004 100.15543305572065 100.14542928196022 100.19686266856232 2 
99.88438845960799 100.17183342666075 99.91013151661028 99.97664934342255 2 
100.15589641700865 100.13232640527781 100.02282404653248 100.09802444186064 2 
50.03344524129928 49.949820056174964 49.98505653788295 50.04198360408972 1 
49.91782238195917 50.05154501919363 49.95837047848019 49.92198511291218 1 
0.9985062304339349 1.001362537546957 1.0018047975256448 0.9982834964003556 0 
100.11799869791952 99.9605302264637 99.97739720187104 100.10270444426543 2 
49.993558031712205 49.962359110447785 50.049220131646344 49.98850716009759 1 
99.95914232691692 100.18233776126208 99.9443088368038 100.07996762064666 2 
99.96504382179359 100.03397436032554 99.94362026247617 99.88035479817835 2 
0.9987568570910857 0.9990871784355239 1.0019171742096558 1.0001018198992446 0 
0.9980351023231053 0.9994877960889885 0.9995129832925871 1.0017871502266882 0 
99.93402988036321 100.14866214490439 99.8641825012011 100.04016808051568 2 
100.07010974253743 100.19730534356121 100.14109262737745 100.18649940133227 2 
50.09700324422353 50.070293867503956 50.084244912907366 50.043130551187154 1 
50.064372114824984 50.03204916552119 49.9578742883094 49.90298877669645 1 
100.16296422330838 99.90169921297182 99.81781917116267 99.80490973171274 2 
1.0018612497260597 1.0000090987855217 0.998006414330573 0.9996255330087882 0 
0.9998689652507267 0.9980583271225049 1.0007273371302194 0.9981703996309162 0 
99.93213817538786 99.84824853410483 99.9663101006869 100.04899197547591 2 
50.02180233293545 49.932714475648346 49.965419824866274 50.07109094431018 1 
0.9994950634631332 0.9984715493697125 0.9985773105562117 1.0008717284996214 0 
49.949320193373325 50.07929076542193 50.05985213681105 49.94313644821098 1 
1.0006609971200944 1.0009319475909595 1.000623007545332 0.999346858220544 0 
49.98221528754316 50.067994244231734 49.98550463635113 50.027146739652046 1 
49.969298633961294 49.9752580670575 50.024750444945106 49.92803693561337 1 
50.05364207640795 50.07280015683461 49.97857150458023 49.939964283696085 1 
49.975316326529665 50.052184912244186 50.017212869380735 50.09353929845673 1 
0.9998467798972164 1.0000984004410394 1.0002412052101652 0.9990444173693169 0 
99.9882755012228 100.06869009467566 99.95266507152405 100.18249208131851 2 
99.8315881681945 100.13479394038103 100.08017116984747 100.1967931764287 2 
100.1664230493967 99.92315723438722 100.06186141220287 100.1594795786768 2 
50.01022222605994 50.03628367331735 50.08626036652778 50.00484858363655 1 
50.05555852052276 49.99941725894582 49.92299322573102 50.04706849827305 1 
50.099165224484814 49.92234798455776 50.07585673983521 50.07036679487727 1 
0.9999289457150179 0.9991974860706043 0.9982795279024811 0.9991943779115919 0 
99.96884815579104 100.08866055290596 99.9887567828578 100.16810103919522 2 
49.95550297965671 49.97254477389943 50.023915095207784 50.05771544452985 1 
49.97396273980523 50.07295836185364 49.92593988727441 50.06451677296359 1 
0.999454541238355 0.9995634605581113 0.9981561870150147 0.9993792375087079 0 
0.9989381159790036 0.9989677261780686 0.9995717926818323 1.0004922387807877 0 
100.06448457430898 99.82535504602043 100.13676724342017 99.9238359611758 2 
50.003272936829575 49.90261169308364 49.97518423603559 50.0010090074746 1 
1.0019305846332274 0.9981672986191469 1.0003402139891306 0.9996123913124423 0 
50.00643750082696 49.92622009825292 49.93788278103572 50.08140396952824 1 
50.08365284904974 49.917124139398574 50.08542538808516 49.9437565637523 1 
99.96112320354388 100.05992150130996 99.80602023057853 99.90009979999142 2 
49.99797409840663 50.039770592355055 49.9663021713615 49.93307077730661 1 
100.05496808273843 100.09456788262416 99.87871302639911 99.8512348815911 2 
99.94617073037494 100.01518021184275 100.1112032290955 100.10152929663145 2 
99.84744063737321 100.12989089957742 99.9984954431483 99.96248190639389 2 
1.0018973049550008 0.9984161062880704 1.0007797675069319 0.9995541485114383 0 
1.0014203699589679 1.0012151046988023 1.0017107804800414 0.9981620881694507 0 
99.89802720631194 99.97536441865873 99.83351327654307 100.19789103803546 2 
0.9995112084039017 1.0014557688132144 0.9983781007488249 0.9997570836498141 0 
49.930060111650505 50.09085429945993 49.97398583224848 49.90509539044074 1 
1.0001761630519053 1.0007254246674706 0.9992682459605047 1.0017885015362993 0 
50.06443525410468 49.97518280940332 49.996781384037 49.9707793120045 1 
100.06835398648879 99.83665073430042 100.19312705869258 100.1633211351922 2 
0.9981409977812248 0.9995102252523854 0.9998199885192508 1.0008896920924242 0 
99.83985045980586 99.93907727789075 99.86308941953614 100.17521818945966 2 
0.9995414523503742 1.0016071701655562 1.0011741389812452 0.998763152833907 0 
50.09211354638599 49.901592156806906 50.09310186059524 50.00563311756757 1 
99.82927139817168 99.85722068606933 100.11002307668018 99.91720417041996 2 
1.000301031546833 0.9983330447609877 0.9993416552629885 0.9984602369975639 0 
100.17142477971684 99.98573104237002 100.05572339199601 100.0588086194805 2 
49.95073175393497 50.01062107532306 50.052192143442454 50.02218947468923 1 
50.02936951711327 50.084572971317016 49.97149262846199 50.06584802979419 1 
50.04421043099324 50.03247703578806 50.08309851609203 49.93609047730139 1 
1.0017461348715069 1.0007812309873496 1.0003986448163253 0.9993449300907387 0 
49.91813477318676 49.94077873801777 50.07533683843763 49.97203101215989 1 
49.91854790680681 50.048716167064654 50.09038035622249 49.971868385558615 1 
100.06897315693777 99.91970148345038 100.08305736710416 99.96216750300822 2 
99.80320387811335 100.03184976722119 100.19815208783024 100.09559210315976 2 
100.17178037067151 99.89036870646113 99.92149885222246 99.8494809776137 2 
1.0016825756074108 0.9983266701417658 0.999869412629961 0.9996402466021573 0 
49.96301589344658 49.95558422865949 50.0974784629231 50.070303778358316 1 
1.0018731249815378 1.0010845631458183 1.0005302685906776 0.9987310086406808 0 
99.83858810768626 99.99246411999708 100.11834177961296 99.90761695079526 2 
49.98815926164687 50.0502588618551 49.91211266899903 49.98385624554037 1 
50.01072133361282 50.081941192033334 50.03469936504187 49.96871257508747 1 
49.976081885615066 49.92380473355443 49.95743669384044 49.98135179990481 1 
49.917203687175984 50.03849598386281 50.03555598427938 49.991091965428616 1 
50.017688578475926 50.03986592632014 50.01333751959468 50.07515354314348 1 
1.0019938088356037 1.000897821056169 0.9992890599648246 1.001177780703539 0 
49.925692731867585 49.997270638839346 49.91366895591703 50.0221862890057 1 
49.938984334155094 49.95474949984243 49.919476560266524 49.999286853721905 1 
50.071732195859454 49.92190235825553 50.0058378886003 49.95968131174033 1 
49.947706744233145 50.06904564845454 49.92195882691722 50.03771322112918 1 
100.00097921445571 100.13855446385507 100.0317843576901 100.1526811249762 2 
100.16565628757003 100.02886928174902 99.81784416819939 99.82139194678007 2 
100.05627433385787 100.0116449712159 100.02884189932874 100.03854190262626 2 
1.0007503215605387 0.9983816571993652 0.9994066696893994 1.0017334051466404 0 
99.81828747870242 99.84995426713341 99.95459748855703 99.93995262769958 2 
0.9998719212160037 1.0010394088168826 0.9990910133799306 1.0017207297433381 0 
100.11173318269215 99.94517500100245 100.0131236974922 100.14645093263282 2 
99.88073677286114 100.03604750292568 99.81104612175454 100.07657016334879 2 
49.988104084542904 50.05945069658138 50.09879311070586 50.090338600790034 1 
49.97003465056658 49.94024925038154 49.953711010289446 50.019438146091865 1 
0.9994029410101731 1.0007140470804425 0.9986645923588332 0.9992185515337582 0 
100.04629116475276 99.94854230265729 99.95181083586147 100.14628938436883 2 
0.9990608319446648 0.9988532117793434 1.0001084544401457 1.0013079461088206 0 
99.88734247249216 100.05820872379086 99.98023615015532 100.15243489420014 2 
50.079628659639546 49.976981958006924 49.929246080175574 49.95674671219116 1 
1.0010186972993886 1.0007544970519475 1.0016064006374574 1.0015176874347342 0 
1.0012503251444664 0.9984533620404846 0.9992304812639498 1.0008555723868997 0 
1.0005505949956126 1.0015336489977327 1.0007756835413506 0.9985030373464336 0 
0.9986223546206616 1.0005095171547156 0.9988642483856153 0.99895164277464 0 
0.9994197109599391 1.001161405122137 1.001800874714633 0.9989159095272092 0 
99.90123597653051 99.87409614127218 99.8602046824333 100.15942348739547 2 
50.07075342835423 50.0855697618086 49.996530848998106 50.0410080669328 1 
50.02707044033635 50.037639403268315 50.07916461856977 50.040333258757876 1 
99.86612137358773 99.81723419989717 100.1794832029124 100.0731808001489 2 
0.998163243518973 1.000061444004332 0.9995047177802249 0.9992804469056688 0 
1.0007941683773467 0.9980226693595137 1.0008892991498242 0.9982159629385255 0 
99.80015058715671 100.00897866107859 99.88419483644569 99.98025901495348 2 
100.0510049051208 100.16392210326465 100.19684551599381 99.87220632049443 2 
0.9994306706146271 1.0007612723760435 1.0003263266938027 1.0004146836616188 0 
100.08517597831371 99.98908885762889 100.16918927252696 99.95390954302385 2 
100.04789971270975 100.08668384908441 99.99182214959994 99.94382673409208 2 
50.05765995929724 50.07793747847266 50.08290204729292 50.083715493508 1 
99.94075603905463 99.9977821540976 100.04790029969658 99.90103195864337 2 
50.09578406006408 50.03576196359186 49.94183022667194 49.99796528238815 1 
0.9998381332173124 0.9989925310051004 0.9981645825719511 0.9998015805988789 0 
100.18326617324212 100.14095224478653 100.04253852419664 100.08232483739516 2 
0.9985379358963932 1.0012797879379625 1.0005822292213877 0.999997183695754 0 
1.0005070276562036 1.0012292997928918 0.9988406747411208 0.998512462831658 0 
1.0004257277174058 0.9998789606286337 0.998749818238833 1.0016187793948075 0 
100.09670839586525 100.07282219295612 99.8783804672092 99.81722102470098 2 
1.0014182087727643 0.9989364485077069 0.9989702339285456 0.9982614478461136 0 
99.98010233478944 99.84417583430924 99.81142824651282 99.85481392475076 2 
49.9151059336325 50.080805321108095 50.03960425373485 49.993968507250464 1 
1.0002756835096944 1.0018856332332429 0.9984585470586077 1.0014967085197166 0 
99.99253674392749 99.85600567238768 99.88888032536512 100.17035559936664 2 
49.914075979946794 49.96634103401109 49.982414677620255 49.968955896712636 1 
50.06679879028197 50.02523457146498 49.95586509181269 50.07596905602087 1 
0.9996315829677033 1.001065445696157 0.99967254432533 0.9994742112309236 0 
50.095484660385395 49.949399689254726 50.08033310560665 49.96037022929035 1 
49.952622339066714 50.02473422028217 49.96790854092579 50.065940773977346 1 
0.9995264242227893 0.9999340490673111 0.9985331691763888 1.0000687594889144 0 
49.966261642974985 49.932925430052514 49.996807011393884 49.97515034616602 1 
50.05577861165006 49.91078433929829 50.09418486789953 49.97901864512516 1 
100.0727548234709 99.94584635600592 99.83382168870551 99.97352379946017 2 
0.9989228037651002 1.0016041476336224 1.000586882994974 0.9994122591151777 0 
50.03386600040516 49.98761823938514 50.0411861538893 49.968624240981974 1 
0.9984787878120117 1.000464595807509 1.0003372383012463 1.001025617531611 0 
49.977416648721245 49.99618037841156 49.951130915870145 49.90509190176153 1 
0.9996089666624696 0.9981201657820464 1.0002684123298755 1.0002904130162231 0 
1.0007058397077264 1.0013299182315896 1.000787041302836 1.0008922710323964 0 
1.0010174442343278 0.9996471951159254 1.0014267324557236 1.0019539610846318 0 
1.0010904098741074 1.0014863166856813 0.9997485592496942 0.9983801157319552 0 
99.86272281505646 100.04438514319352 100.1218766932026 100.06075207415753 2 
50.08231661889076 50.0881534941256 49.98175290621555 49.91602242136519 1 
50.01920270249671 50.0773502670702 50.06554584961865 50.08093221248284 1 
50.01022586356188 50.013921819023565 49.9329106629408 50.025212781851394 1 
100.0244553411008 99.91359889300972 99.89677639780696 100.08925998771748 2 
0.9996116000147954 0.999874604505323 0.9982904950451291 1.0018086768514374 0 
49.987329986290526 50.085446551744404 50.032155365311795 49.99487142858954 1 
50.037237888323574 49.9891415076335 49.90480604910511 50.024945344172274 1 
0.9994283346595514 0.9993729986648698 1.0001225552209603 1.001290300966599 0 
49.945561634278825 50.03677919788716 50.07618514301625 50.04827533809529 1 
49.94672323243002 50.040249205269 50.077888425048315 50.04978519440964 1 
0.9988531290254978 1.0006254564090629 1.000880886739921 0.9986878925027324 0 
49.95529657702204 49.9686686803706 49.93182200371681 50.00492442320005 1 
100.01213508157085 99.84728170366952 100.06451027498966 99.91639319913264 2 
1.0004205695499762 0.9984990432404856 1.0008069369423556 1.0014592730781737 0 
100.15592917885884 100.19923122555466 100.1943137091415 99.89424405228817 2 
100.10383376053751 99.94099090850618 99.96615348343596 100.18013099380974 2 
100.15717404155703 99.89872450643715 100.03411441714034 100.04314009430065 2 
50.06458868089405 49.925318067243964 50.04024750840434 49.92046439256736 1 
49.933076912153204 50.025049161618746 49.95317324273675 49.95992381962989 1 
1.0011644746289685 1.0012979076172457 1.001817536778845 0.9995911662011414 0 
0.9996121307065454 0.9984393163328112 1.000792451360696 0.9982341513824129 0 
50.08195807388904 50.068962605433946 50.04295354799225 49.97328233887633 1 
0.9988083776297547 1.001890749277663 1.0002600643757769 0.9983581977694681 0 
49.978301129056995 50.074203362748 49.987931280436214 50.04556771785473 1 
50.0980396513926 50.05826891036173 49.931467206354235 49.95092126059149 1 
0.9996958599560025 1.0003788971261567 0.9989186208923027 0.9985891821572935 0 
99.94348320762877 99.81815297955953 100.14304368301485 100.07257694769845 2 
99.88848944202202 100.14318929474442 99.87717097610697 100.19166894634914 2 
49.99504455373964 49.90131023474105 50.09966231741132 50.00021548551519 1 
1.0008688239273804 0.9990211199393546 1.0019356502147465 0.9990732641514711 0 
100.07839997843975 99.85671168024375 100.12396489381919 100.08647510440557 2 
50.03037875534999 49.990009040166 50.097703265194454 49.95711158005459 1 
0.9981313971393029 1.0008841100877102 1.0012162895650172 1.0012572260165864 0 
1.001644464199555 1.0002570161411433 1.0006690873190769 1.001947389111253 0 
0.998099413455597 0.9984869130293537 0.9980623096043003 1.0001783112522575 0 
50.068815585377784 49.90945825175339 50.028882913640984 49.933592586691404 1 
99.9024488759521 99.9872082643613 99.82363919525673 100.05961965543304 2 
50.075077941387036 50.041668505185115 50.02688479421415 50.04408891013855 1 
1.0007578594189428 1.0008502877334162 0.9996274276495487 1.0001747516435975 0 
50.08200138545287 50.0155366707094 49.918910788767676 49.98995272354001 1 
0.9986774507156249 1.0011496680821792 1.0009392412717686 0.9988780983635115 0 
49.922758760759535 49.99705078938575 50.086258197547025 50.079878672598156 1 
50.032226319694495 50.017768808734296 49.95006881881185 50.002511822077494 1 
49.99037266079648 50.081584480721624 49.955544537845796 49.923649874284756 1 
49.99058559808168 50.06402364315712 49.9090306050096 49.93505153260604 1 
49.99311872695007 50.08819132076415 49.966743410048196 50.04700997011927 1 
100.12557385629208 100.07625809215313 99.9636595347725 99.96750100568262 2 
0.9980309293230549 0.9994506210310219 1.0000761785359218 1.001183145039849 0 
100.07118473043634 99.89598028616102 99.84148151715232 99.98634336045363 2 
99.85595664591496 100.12073251447785 100.05030227194752 99.87274232731944 2 
49.91685349986078 50.089446406388774 50.01220260785846 49.91199294719857 1 
1.0005308298840507 1.0017788845624949 0.9999802867633343 1.0006308021110748 0 
50.02867931338804 50.01504762834034 50.00747537257098 49.92383483872269 1 
1.0018571506189355 1.001444820265079 1.0016020453944594 0.9991358414877444 0 
100.09289416524598 99.82204662980912 100.12662659082167 99.97590030675835 2 
0.9985015101395838 1.0015303347676134 0.9993503860606149 1.0009367473400295 0 
1.0001861251174724 0.9995001642858916 0.9981684092806261 0.9996464630816636 0 
0.9986428952258404 0.9996802520434137 0.9985808884654036 0.9995920520330407 0 
100.03964369241253 100.1368312461027 100.06695778202626 100.13360054956364 2 
100.06611529656082 100.09080662672093 100.12116894987261 100.1395182348412 2 
99.81369991296123 99.84922138083323 99.83489416084224 99.91879907868892 2 
50.08439666926133 50.03089658560903 50.095792724479196 49.94302244283069 1 
49.988213423870754 49.90728204098784 50.08600104964285 50.06033484473254 1 
50.03881611683578 50.01211770423391 49.90278599785572 50.05813794116705 1 
49.97498459901718 50.08169710707183 50.08177041203055 50.05999688833998 1 
49.90498260323893 50.08470031332783 50.04703892621792 49.99961995255655 1 
0.9992962510561697 0.9981160608138108 1.001018146833976 1.0006257521834678 0 
100.12201241268095 100.0285888410058 100.02755370894309 99.85350821442202 2 
100.090691277256 99.9163804611443 99.81109395263138 99.84615618221488 2 
1.0003096023821532 1.0017185505395436 1.0004362529409474 1.0004249484707723 0 
0.9983397029014637 1.0016479225232306 1.0008868049078194 1.0000019986853368 0 
1.0003132033237772 1.0019273348509792 1.0007756464144006 0.9988223907273324 0 
50.04247161345981 50.09715760555268 50.097279118200014 50.07924123457762 1 
99.80746501070834 100.19884467974728 100.02481620105293 100.04545045631598 2 
0.9992513395499121 0.9998381410996225 1.001876643975291 1.0008241900143566 0 
99.84848393736083 99.89712473878599 100.16427194749683 100.10341563196975 2 
49.9219819869612 50.046266850412884 50.05101141315554 50.00741397577417 1 
0.9999878055762242 1.001356360056733 1.0008760025030674 0.9986606343399492 0 
0.9997867323419778 1.001224461410955 1.0003663687740239 1.0014716695755204 0 
0.9988815635135924 0.9982966773051781 0.9992615894184009 1.0013309151256933 0 
49.95794683765954 49.94193026894042 49.95281558830356 49.928044852314684 1 
50.09851327022121 49.948699720809266 49.921673753901814 49.990865223988536 1 
49.94075708721327 49.90318058797688 50.001104039131945 50.04641002194471 1 
99.99739246699677 100.00050109155139 99.9986239081805 100.09758879353863 2 
0.9990844522593092 1.0017337136164002 0.9989798589220036 1.001397116180038 0 
0.9986445795852884 1.001046589217276 0.9995385077116519 0.9985019045813586 0 
49.92803491924444 49.901610306701876 49.99939045038222 49.99270788362251 1 
0.9990619994945682 1.0001973102515316 1.0013016071131573 0.998933343189038 0 
0.9999754656379105 1.0018728904471388 1.0003306277517 0.9981887818266947 0 
0.9983733473955259 0.9990350344734482 1.0012407176313063 1.001585739217282 0 
50.074442254610155 50.09818094620311 49.906759063015876 50.012624116304096 1 
49.98957873338447 49.9994486807474 49.998332302873145 49.905749701602375 1 
50.05735913422191 50.06881639120175 50.03430808933996 50.06483962011178 1 
0.9998982885358603 1.0016362811208326 1.000943123854858 1.000650906545133 0 
50.01333009364082 49.982188125364324 50.04514243929125 50.0375877445178 1 
49.931114239378964 50.056187739308584 49.93870261353605 50.02584715038943 1 
50.02129200386497 50.03157854070555 49.92032078746627 49.94453364035162 1 
1.0009754264705706 0.9988037375721144 0.9993846231475565 0.9993564400547403 0 
50.08651038821557 49.90496394362486 50.032114767804195 50.06129752185662 1 
99.95516455434013 99.86336307996584 100.0880400115243 100.17234293512558 2 
1.0016163035301624 0.9994992944511258 0.9997681939088614 1.0006520673082289 0 
49.95562758021845 49.977921266427664 50.06570786215487 50.01997105078457 1 
0.9982212084034239 0.9989177784684118 1.0016935212032398 1.0002802909033053 0 
49.9202497485458 50.01376334676428 50.09101087932542 50.094555608475495 1 
0.9987930952000722 1.0003918882955805 0.9994905968229044 0.999613303461049 0 
99.80574409083552 99.82402714864138 99.91177515491601 99.9301562155847 2 
100.02929330881003 100.13329187569043 99.84808886668107 99.84672514581344 2 
100.08476377162722 100.12942236654187 99.88568877912405 99.89871857885748 2 
49.94018550546272 49.94538679532121 49.97357035796844 49.941638626861476 1 
1.0012075907727709 1.0013322549637735 0.9987813214752471 1.0017377107735168 0 
99.97536190825964 99.89881336953867 100.02711336714572 99.92455770737564 2 
99.9815155645166 100.12996065425402 99.82376496196736 100.15749821522412 2 
49.90236718394454 49.92008712601435 49.96331251992754 49.92425266053453 1 
49.96352047413462 50.07337745779159 49.98675718906728 49.97683970356379 1 
50.0119608944198 49.964258365822836 50.06866036860512 49.997931333883535 1 
50.0590882609756 50.07750718436915 49.90519926796112 50.027273097070456 1 
99.83739099033158 100.17590909297851 100.0902247147704 100.14946880062338 2 
99.84951257456109 99.97612152223104 100.04595911515598 100.08038354110872 2 
1.0008666721838888 0.998087296882974 1.0000829059845784 1.0018234629126517 0 
100.1039439465019 100.16791801188856 99.95535047269007 100.17556752325571 2 
99.95856138171845 99.87390673797108 99.85468653855946 99.863098831866 2 
49.99992152902338 49.97546293227301 50.02720683655154 49.975675752228575 1 
1.0016446944482953 0.9998007367092857 1.0013954545704369 1.000304754116581 0 
1.000156225749599 1.0018170542455975 1.0012460469108775 0.998068939117081 0 
100.09802126304697 99.8023249970858 100.06811338932602 100.05601763334583 2 
49.96424923583418 50.06062901066397 50.018437280052744 49.908598261692795 1 
0.9993428931071 0.9994498616306678 0.9986066986868148 1.0018868050935534 0 
49.99992201488725 50.08960827664418 49.92469868095997 50.075893107484184 1 
100.03985220757677 100.07808465812077 100.02872840194651 100.08309307273088 2 
100.07272195738655 100.06157185155791 100.12149511654081 99.9125117144037 2 
99.97719912091371 100.13724774751002 100.02428018238837 99.89406600908563 2 
99.8320432118502 100.109702752378 99.9091642044157 100.10303370721608 2 
0.9987806450600352 0.9980232289280723 1.0006554281537356 1.0015021250813239 0 
0.9998827115172686 0.9997183927010345 1.0016496305189369 0.9984917144952096 0 
0.9988409377596837 0.9988038202071746 1.0012594520814087 0.9989668866881092 0 
100.08702981922563 99.88235861037515 100.0749368475198 100.09724901037801 2 
100.18117000441936 99.86308849474156 100.15940032558115 99.93376728035979 2 
0.9997134385448194 1.0016240938382064 1.0009824009021895 0.9990573485301241 0 
1.0007394858728185 0.9985173671850143 0.9990243762942652 0.9987041322984064 0 
50.06144670584586 50.03085408841624 49.94624333159132 49.996259751799194 1 
0.9989253093098213 1.0015802125867432 0.9989836489680783 1.001608850055257 0 
99.8764260068719 99.89117450475716 100.03120642551401 100.15586913708364 2 
49.92787946665972 49.94919694386606 49.91973244515363 49.978333354549925 1 
99.86426853914797 99.93872166270731 100.05120488021983 100.14916143038072 2 
1.001866878585545 0.9995655422426178 1.0005236777286084 0.9995038949065517 0 
99.99441672842482 100.07633022020075 99.96390295840277 100.01711063755613 2 
100.13770371907925 100.13780920268863 99.95562775633755 99.81077929119236 2 
100.15740477048863 100.01115681550193 100.12422178103479 99.88731586208655 2 
0.9981265567573351 0.9992128201096533 1.0018144036644776 1.0005033719230572 0 
100.18747987977558 100.08108264359959 99.87946712896364 99.90932198965452 2 
0.998506077017817 1.0008275017531176 0.999446124087306 1.0012186300520136 0 
100.19913883743418 100.124387823432 99.9181702167736 99.85824245917865 2 
100.16711478942403 100.16777878985737 100.04434293600332 100.1434396331904 2 
100.17193897322122 100.12547772610856 100.16454792507483 100.15958892455751 2 
50.0923918096777 49.90535779587816 49.935066541165774 49.92162190227545 1 
100.19378648140925 99.85614457819622 99.97456900573673 100.09669469143371 2 
0.9981981308274673 0.9998692931625047 1.0018985281822315 0.9996421128337883 0 
49.95271381263992 49.9419358637062 50.03645553216098 50.00198806556711 1 
99.95668388992459 100.02703995776808 99.97919929103605 100.13278334620281 2 
50.08006838465202 50.04095808928737 49.90321979122741 49.91748351709537 1 
49.93635081341515 50.01613758771549 50.05633965610779 49.979944701829176 1 
100.10631642441697 99.81277054842992 99.98693745643097 100.06746984766646 2 
100.01533882979162 99.98755897730106 99.85683506707771 99.97524730123438 2 
1.0017326686071035 0.9994356726167006 0.9989776357418292 0.9996961844029518 0 
1.0016097977635567 0.9986240910548452 1.0009304577532228 1.0003844066266807 0 
49.94320460980467 49.97680944693228 49.966860147301375 50.0035095655302 1 
49.91694407520666 49.91768827511223 50.040078037713855 50.001432050806955 1 
50.019839024016434 49.927589363036596 50.07051311324613 50.04083713362865 1 
50.032547128970116 50.05952142868117 50.02602799371888 49.991431390283644 1 
1.0015442320436267 0.99910585470474 0.998258885402701 1.0007579550005932 0 
50.05656331173708 50.068949633574995 49.91979667773138 50.007424275705546 1 
50.04845207844633 49.98175980638202 49.951366293177976 50.06475770261857 1 
1.0019558301594225 1.0013098713146118 0.998891348354648 0.9994590294542164 0 
0.9981493206559557 1.0002784656797794 0.9988188714418952 0.9992571362002536 0 
49.94722459356506 50.07628055358258 50.02729377332691 49.98189667098776 1 
0.9990370494263293 1.0019313162114394 1.0018268016474514 1.0008526755938938 0 
49.96294222883102 50.06918370307358 50.030266340379924 49.94214756006125 1 
0.998787470729865 0.9994386446593998 0.9986313140483787 0.9984873968689625 0 
49.971362235078146 50.026554569062 50.07362760254915 50.07951477436991 1 
1.000483481545089 0.9987494051563738 1.0014831034801188 1.0019142549223126 0 
100.19647270714765 100.06797617741015 100.05612330380335 99.86237104284677 2 
49.911518320989806 49.96202947909249 50.007907274098514 50.07464118512099 1 
0.9983353500579857 0.9991285389405582 1.0001988312065215 0.9996863280644053 0 
0.9994570046826948 1.000911818973288 1.0017499504910803 1.0016960362709897 0 
1.000497711210449 1.0008024587308277 1.0005446007939134 1.0012428772086222 0 
50.09568660921347 49.921109259879834 50.009845279251834 49.98524381389286 1 
49.96696691329267 49.909034700456495 50.05793223325676 49.97338427824046 1 
100.00982630211647 99.85591245845463 99.81656974007767 100.19371752101425 2 
50.03476968229269 50.01730198156944 50.07267729501395 49.923570488498754 1 
100.11032946584412 100.0663488546242 100.0862274843438 99.86509508722277 2 
1.0018670517481212 1.0015129071532558 1.001474235862009 1.0007654189079105 0 
50.05070954930088 49.973970349544224 49.96892548275941 49.94027679710482 1 
100.11212558761717 100.00450235164216 100.1698542469502 100.1111470724741 2 
1.0014468278432107 1.0002870818780636 0.9997947687836946 1.00187684812804 0 
0.9987142608167172 1.0015429590717368 0.9988255054549957 1.0008020166387908 0 
49.998254675133516 50.00737803798666 49.90796963830465 49.99617812824717 1 
50.06963688529778 49.90694218363784 50.02826541130153 50.00029660229892 1 
49.98073069783682 50.013822966033636 49.968560071328554 50.007025115397255 1 
1.0008576776368385 0.9986484922414897 1.001147769883038 1.001500146318187 0 
99.83099378617445 100.12538771386788 99.87374957394367 100.02348541891165 2 
99.9272650502496 100.15809245187862 100.19232102952778 100.10501612832991 2 
99.8267683051141 100.06510636017795 100.19854247630425 99.89908057592643 2 
0.9999912609052715 0.9980793509112693 1.0000967578015707 1.000334995202264 0 
49.92101431716519 49.93159530870798 49.96745877538322 49.933479405823405 1 
100.03415479712956 100.03800703952855 100.04776481983383 99.84826866081845 2 
1.0010687887875078 0.9986915523313081 1.0014997750734655 1.0013411644854933 0 
1.0000087477675397 0.9980968301641802 1.0005542972358934 1.0008062388408 0 
49.9885115277814 49.922688462229246 49.90088210158448 49.98363304719299 1 
1.0017219020240433 1.0013030304166923 0.998041268979619 0.9995364522154563 0 
0.9991484961830083 0.9991189875185682 1.0003870351139343 0.9991031711782591 0 
100.11992843259327 100.16450034417667 100.0774720149886 100.16874437146187 2 
100.07403204035676 99.94963073535607 99.81870594944837 99.93182014775931 2 
1.001261836938354 1.0010407692557577 1.0011352849040691 1.0005699366139005 0 
99.97208737817192 99.89108892847588 99.81279550648975 100.07788606169561 2 
49.921548970739416 50.00014585186318 49.96860947680357 49.91198663307293 1 
100.03660107134073 99.84853262328154 100.01333632620987 100.00155145016903 2 
99.86468803022603 100.16478705789972 99.92043200314379 99.89399655652981 2 
1.001927979781 0.9980936751441014 1.0008722549350642 1.0004063721910759 0 
99.95932969105621 99.87314715159309 100.13429270291094 100.17611326826962 2 
100.06858086663661 100.18806776786317 99.87475545277266 100.18861076974694 2 
1.000764580940432 1.0004709339006488 1.000778957280163 1.0004463585601662 0 
49.994869634496645 50.06441092235664 50.03976006282531 50.00193795213788 1 
99.82543167285263 100.1942657104896 100.18124537244184 100.17400469357808 2 
50.0288832517294 49.902993001283846 49.99734185386439 50.09990856315439 1 
49.989782105126494 50.091372757000244 50.00375125625375 49.93355217387239 1 
1.0005294034822987 1.0010239017415314 1.0002407774642879 1.0003427923005215 0 
50.012435158835025 50.03655176748973 49.95256297348276 50.07813656854254 1 
99.89882271520428 99.89875885602875 99.9454349595798 100.13755352505504 2 
0.9989986136922594 1.0014834917993116 1.0011534192184808 1.0015199839205993 0 
1.0002029366947114 1.000061802545944 1.0003969247891848 1.0014425980237553 0 
99.85120070095898 99.85602060375588 99.96351616423856 99.82217527489975 2 
49.929769781214155 50.01047493141679 49.9049129944772 49.95855354207474 1 
99.92068459137131 99.85504868173118 100.08756584971871 100.05873750975813 2 
99.9341565421627 100.12998155134818 100.03368316565485 100.03919601324056 2 
100.0258101007465 99.9698434388153 99.81598840213144 100.03047862075044 2 
99.88457395039724 100.00291152987063 99.99705422156158 100.08419539434132 2 
0.9990851461316587 0.9990233942538057 0.998558049892036 0.9986712047100123 0 
50.04144832744828 50.028038518398475 49.915517479668296 49.946040104496866 1 
49.975867510338865 50.02855918332825 49.964808205377274 50.04666198707426 1 
99.84135756391166 99.97213209619902 99.80443745390887 100.19194665968865 2 
49.992335486480506 49.98607547037272 49.91554417816619 50.02486308464706 1 
100.09999557706688 99.81863547709852 100.17851434850421 100.04077563778704 2 
50.00961940782789 49.95366254304649 49.951536342972865 49.911732505061025 1 
0.9983495936693054 0.999268394279581 0.9993879364645359 1.0000233282928344 0 
0.9984365327036083 1.0007465075640676 1.0003021688614266 0.9980592364307046 0 
0.9986966090941568 1.0015801737804735 0.9982476505403509 1.0002059205192952 0 
0.9995394449898373 1.0005278977441345 0.9982055288332542 0.9983851259686279 0 
50.0553418322412 50.018656100406545 49.917539410129 49.91910725912489 1 
0.9984816552223496 0.999482855775798 0.9998591945931133 0.9983329205096426 0 
49.93422448556005 49.983908673264985 49.98701379061347 50.068384305720826 1 
0.998404576292257 1.0016442295740804 0.9981525417826984 0.9997730585335577 0 
0.9991950982782524 0.9989376189757759 0.999421473685496 0.9987079577869556 0 
99.93434844989181 99.86446064758908 100.01522434114825 99.80516282481702 2 
49.913594624121096 49.95907708954777 50.099059833402976 49.900653740051986 1 
0.9986879898951633 1.0001622976567794 1.0011250087063517 0.9987177961220709 0 
100.13877890407367 99.83609360899653 99.84660666015542 100.01741851647763 2 
49.94332763884803 49.919310043412544 50.01253840421298 50.008469974435556 1 
50.04937135149148 50.063578341605286 49.952561405202424 49.96488328142548 1 
100.15443108452068 100.07679176716363 100.10479192762111 99.85876085493858 2 
99.97244025671758 99.99042181383119 100.07082377803846 99.97884420918835 2 
100.00024018533186 100.08219968641158 100.05277813954527 99.90600379255177 2 
1.0007037002302428 0.9987256893944777 1.0002441261055348 1.001895880424797 0 
0.9985085136822128 0.9991693106707128 1.0001148781373226 1.000644867841173 0 
50.08913476727412 49.980616159972115 49.98641459754355 49.961111968494656 1 
0.9990768994245312 1.0019363951271307 1.0011143073384126 1.0005818402230184 0 
0.9983191015372829 1.0012621070400927 0.9991160834238692 1.0019262965550948 0 
49.910815511801296 49.942928297414596 50.00823336662162 50.07186249379771 1 
99.92278915317263 100.00286641470001 100.09509347642636 99.97004309163395 2 
0.9998873647693504 1.0007031318493482 0.9980507126820944 0.9990462736903988 0 
100.13329608061353 99.94392053225182 100.17819558104777 99.88725344828164 2 
0.999462234083308 0.9993558095700116 0.9992376148250798 0.9988511415903246 0 
50.052648134068804 49.98694479788927 49.9356272044678 49.94239164615909 1 
100.08828861038182 99.86596347648482 99.98362462754936 99.82886553138255 2 
100.1676107400019 99.89481691415004 100.01460490158773 99.9081697795263 2 
99.94090535798188 100.05319827840721 99.96418181858293 99.95660019709916 2 
100.01228248103989 99.9879303420631 99.99675695163478 100.03469332251845 2 
0.9982627974027573 0.9998989482557201 0.998970163253504 1.0011278129320105 0 
1.0011639574906295 1.0005064304959463 1.0019936682839876 1.0014773659834275 0 
1.001555748579071 0.998065465407691 0.9984236800924065 0.9989547169502874 0 
0.9981135546872519 1.001127726043261 0.9987959426048134 1.0000905356135799 0 
1.0006870689667517 1.0012722533232012 0.9991489415829472 1.0001894402368543 0 
50.06291379340309 49.930410878393985 50.00212274354571 49.92964664762558 1 
1.0017977972883572 1.0011430130664356 1.0002478942297215 0.9984275405534397 0 
50.01220578384373 49.94267142337777 49.915653077117206 49.913096293856874 1 
50.08579322239016 49.92063819115134 49.96536239050575 50.04248898840517 1 
1.0017909564492593 0.9992730133338613 1.001947379923193 1.0004882089227483 0 
1.0003583455441107 1.0019648633693614 0.9996453723649843 0.9997516197335172 0 
1.0002121153143344 1.000523200580631 0.9992354216877714 0.9993213259550289 0 
99.99719099410613 100.02365962422415 99.87524020647292 99.87890246242547 2 
50.085254275650584 49.980123457368165 50.093905387819085 49.91255764918038 1 
1.001628615165175 1.000957788354909 1.0003479451958193 1.000435680643797 0 
100.07818831600392 99.97339693376568 99.90783787276412 100.10544196077807 2 
49.998747919940236 49.986840647186625 49.99342652317722 49.939935337827876 1 
1.0004567160506945 0.9999831813541948 0.9983096498703045 1.0005376834262842 0 
49.9076045655528 50.091767437495704 49.975022874034 50.04828533752676 1 
100.05734163935813 100.13497355399845 99.81342111226016 99.80814066542392 2 
0.999949762553749 1.0004428241292456 1.0010923717206113 0.9980480060949395 0 
0.9982381307998994 0.9993113304722709 1.001317812207086 0.9992608676950734 0 
99.82136299824889 99.84104273385594 99.80944052836644 99.86565601266655 2 
0.9999603436661234 0.9984857668783835 1.0007231693452012 1.0013571689326872 0 
100.17363450973389 99.93424936220151 100.067521508542 100.04480503540637 2 
1.0005589264288381 1.0006048377190546 0.9996682619361116 0.9989805369545501 0 
50.08575337429884 49.95488033650008 49.95633126405716 49.9144139780272 1 
100.01860620260155 100.12660690909269 99.99203429359797 99.94660274573485 2 
100.0198768250137 99.82623769051875 99.86525682802109 100.11081956571445 2 
49.96582196702132 49.98741853166006 49.99052359957997 50.04562777911324 1 
1.0010212733069634 1.000069116501377 0.9980813629887348 0.9990079484396989 0 
49.96518891556688 50.00552953419994 50.06256149047099 49.98609479071193 1 
0.9988698075321324 0.9992906106671785 0.9980179372554938 1.001249729051044 0 
49.95949289880001 50.09587213568551 50.093946807881714 49.95120102017034 1 
49.90251749152316 49.95017130060656 50.01475848830597 50.0343194902207 1 
99.96915856274826 100.19531483134416 100.09726519791131 99.98464306338307 2 
49.95829506268567 50.0479309774921 50.090553715784665 49.947587728900416 1 
0.9991126985490376 0.9981965000855855 1.0019146131954284 1.0003412986132996 0 
49.93246645721042 50.01369708754524 49.96686979305504 49.972935205643026 1 
49.94371946682318 50.09338995817522 50.00827476976917 49.92678783835428 1 
50.06315255259808 50.09234214263931 49.946571091078674 50.083008872997056 1 
99.91061551691443 99.99825644922828 99.80518299703633 99.92351834569155 2 
50.00120763257986 49.920833743364646 49.93953285339625 49.99732709058268 1 
1.0019193329647238 0.9995046100534111 0.9994695151163268 1.0003401655317987 0 
100.06589761824512 100.00735950951459 100.19093598587088 99.89820159632465 2 
49.95821759578171 49.96106082792397 49.931515681129284 49.9978476837154 1 
50.01207171693361 50.080554701109996 49.94527302243064 50.06207057893865 1 
99.86591670032004 100.12501863032563 99.95973256574544 99.98527248376915 2 
1.000182587917766 0.9996679883643421 0.999600677165396 1.001982102610569 0 
100.06587697156932 99.95033597841852 100.06200209394555 99.90238620803346 2 
0.9986687215158667 1.000455071649551 0.9983551993859952 0.9995021698109304 0 
0.9987571537377329 1.000289600861886 0.9981184091336092 1.0018005370036034 0 
99.81116232672129 99.96971161349512 100.16262609632022 99.92382924100487 2 
100.10285327784828 100.18237565097863 99.93791011137499 99.98464931721864 2 
49.97953659675808 50.05746721727645 49.938449977004396 50.042927427977325 1 
99.8888757559965 100.08132175159831 100.14462812931467 100.17859119185808 2 
100.05490943133798 99.93768524807994 100.15300393967077 100.13412073438465 2 
99.89242541957022 99.91378600942149 99.85838752796366 99.8333543463319 2 
1.000322750668388 1.0018617906564375 1.0014847812606171 1.0001288202360317 0 
0.9997800827005042 0.9988576727044669 0.999339776438696 1.0006615207462741 0 
50.09325959346079 50.04762784125924 49.906901006730436 49.959190299156035 1 
0.9992275788904966 1.0015598849895937 1.0019977844517705 0.998384492125792 0 
50.06362831157922 50.04953982708788 50.07646622535246 50.07341671710481 1 
50.03695973202869 50.051387505930336 49.910036656437114 49.977715022894095 1 
1.0001102713996657 0.9987400478868389 1.000170892171287 0.9980958576603681 0 
99.9488479501245 99.98231225843088 99.86604520847867 100.16407830613973 2 
99.90791355356806 99.85820619461408 99.8222743853014 100.18492580504521 2 
99.99826161900782 100.05138413602234 99.9890473943047 100.10866982391931 2 
1.0009142357415628 1.0007060577339901 0.9995266249052148 0.9980417316909735 0 
99.89330849131571 99.82707907117806 100.1350670651381 100.05679220477464 2 
0.9987972135432769 0.9987248391995243 1.0001833118229615 1.001211441062388 0 
99.80968235615997 99.96622340583637 100.19079062597315 100.15585595395868 2 
50.0032270544336 49.94257462560503 49.961024480083445 50.09149825186265 1 
50.06692780458567 49.91082361358424 49.92747284852522 50.01218752187061 1 
0.999364791833207 1.0012971791107892 0.9988070680757648 1.0018749599605468 0 
0.9998015950485372 1.0003465211009133 0.9992393438675656 1.000622458998975 0 
100.00607869424461 100.03540893974325 100.01536119338071 99.8392443040898 2 
100.0297090550524 99.91782394130473 100.10330410818227 100.05076640452047 2 
49.959421546368326 49.96546153799532 50.09963285921275 50.089380054657695 1 
99.91346328982009 99.90111944470422 99.83725322675673 99.9627769396065 2 
0.9988650335934591 1.0016235925648889 0.998668704431061 1.001391744839223 0 
50.0884633342292 50.07605941388095 50.00262878245766 49.931241521895174 1 
0.9995657654561674 1.0004991843295707 0.9987270924180435 1.0001550408561592 0 
50.02292209539818 49.93917124748243 50.00720379918453 50.084789947480616 1 
100.15289550195712 100.17375830051265 99.89824925753237 99.881410258083 2 
49.92532612454348 50.068186300514924 49.928714488869105 50.07430187596346 1 
100.19444501564142 100.0912779372734 99.84468588366792 100.18567672981453 2 
0.9994074657206887 0.9987488021010471 0.9989290646226926 0.9996009908730338 0 
1.0014898411473954 1.0003679616314418 1.0002818104129492 1.001931827769839 0 
0.998414822194691 1.0001183865287198 1.001318517956339 1.0001370185235172 0 
1.0011676888395524 0.9986440363409326 1.0004522800722848 1.0019213457410518 0 
49.98055584335841 50.063771365685554 50.08615223479407 50.05972869503257 1 
0.9982488463256812 0.9999320823277468 0.9983429950399574 0.9980057504291769 0 
1.0013968522012127 0.998983146156015 0.9996549459560936 1.0008388110760535 0 
49.99425647320324 50.03804571501571 50.06455103483471 49.99662762285545 1 
50.031260053121905 50.025272746929325 50.02416899730785 49.952799039706655 1 
99.82844066108292 100.1556724116567 100.03235049495541 100.07406626681131 2 
50.042992346354524 49.99598552761276 49.93083675635827 50.0595843291515 1 
99.90569521716111 99.90263736324127 100.09006489839136 100.04484885518899 2 
0.9985885698799015 1.0017726744403763 0.9994809960507405 0.9980581036823808 0 
0.998112184734576 1.0001435401678938 1.000633538053663 0.9988541610480446 0 
1.0007433542501007 1.0009374990979234 0.9983820842879104 1.000073188846003 0 
99.95571941783044 99.92287892303972 100.12741807644315 100.05068913487365 2 
100.02425623086569 99.83098935247004 100.04170101387496 100.05332569599413 2 
100.14876473347321 100.10952216888779 100.1930465039755 100.1844571956487 2 
99.88364865854797 100.01568702151071 100.02801459167247 100.00469584386728 2 
50.05244464411694 50.015770455531545 49.94841723702802 49.98179067107311 1 
49.972913721877816 49.92778143050561 50.059754208254915 50.05012757192596 1 
