0.9982110049349697 0.9996956653167818 1.0018775351324136 0.9995594460264472 0 
1.0010060163675196 0.9987986551290979 0.9996881009652329 1.0016091779651892 0 
0.9980765653029502 0.9988504687112341 1.0016854007290972 1.001719043721717 0 
100.12349686246162 99.98447381701324 100.17584988366976 99.93058088011597 2 
49.94455019772032 50.069337926618104 50.043924724312866 50.021640053853645 1 
1.0016121599844001 0.9985679957439505 1.0008081234999404 1.0012822790006526 0 
100.15807672232076 99.84930165737227 100.19908710209269 99.87491832405719 2 
100.19580393806031 100.0716624898705 100.04045460442318 99.92738197180336 2 
49.936295512383744 49.90433332701738 49.961099685953855 49.92802885076711 1 
50.07319528571954 50.068002231008 50.0799466002374 49.95190414227752 1 
50.02565554662592 50.03590913077292 50.03221408920774 49.97918523883083 1 
0.9993271057371527 0.9996027409617863 0.999933037007068 1.001555389393357 0 
49.97177004291358 49.92966105767592 50.08616955465193 49.93563339576666 1 
49.94536385754259 50.03123270865447 50.04959625551927 49.99214619984724 1 
50.05396280533847 50.03831653807733 50.00289400604421 50.01775323178926 1 
100.08237079969868 99.9327729565657 99.80456873342744 99.99952305919793 2 
100.15132851587249 100.00839197555369 99.87266402974846 99.85284636843615 2 
1.0010220234623677 0.9998566126739697 0.9992603644089842 1.0013640078428958 0 
100.00687266387287 100.02972930446016 99.95448487031261 99.81315450234803 2 
99.98346129508208 100.07542276708702 99.80552172913028 99.89058920233487 2 
50.044392929627215 49.907835973842964 50.002059397942844 49.92266173039992 1 
0.9985070567988932 0.9987217848252384 0.9993676420358482 1.001793770297798 0 
50.017208945605724 50.05872604786063 49.95584840685854 50.048798426004346 1 
99.90419314698288 99.97368291512211 100.16175167267244 100.14792963735819 2 
99.86966593146485 100.14163493397939 99.89500097618743 99.84385177233176 2 
1.0003339129116615 0.9986336132547454 0.9990976278851984 0.9988417326771837 0 
50.01173656211444 49.92238259396137 49.931903179115466 49.946770562826565 1 
100.03277478000354 99.99719768795738 100.09760811795975 100.12470387684128 2 
99.82985757848049 99.95516231179592 100.16503443200867 100.11744735313495 2 
49.96757965554546 49.9109446275526 50.06091462579464 49.900778139768946 1 
50.01351702951785 50.0412870340091 50.0697331077173 49.97732949294257 1 
0.9996035178521359 1.0015077892092166 0.9982084005667778 0.9989414077982189 0 
0.9989170182671269 0.9985370316673026 1.0013283455835436 0.9993691252964234 0 
1.000424296371185 1.001887759934989 0.9999846698645919 0.9999395916733518 0 
99.90778774974312 100.06307986151337 99.97374057297014 100.08049398756124 2 
99.83461778538938 100.01329996759756 100.15251251487229 100.16323381833566 2 
0.9998002936872674 1.0012476638105512 0.9990762135376577 1.0000229212556044 0 
50.05436991658543 50.006192740496054 50.002507862815214 49.9202597281302 1 
49.94447660429085 49.95098317056466 50.06973898433896 50.002087533401145 1 
100.14407779270917 100.16175416827585 100.08298756327912 100.13809880848002 2 
99.88170796814266 99.88106125036825 99.93755416496538 100.09343200008311 2 
99.9549080479763 100.18184433518408 99.86094581411002 100.05018151853997 2 
0.9995103553484875 1.001069026298228 1.0010328443170378 1.0010933555918395 0 
50.033011696880436 49.925127756225926 50.09921039608161 50.096118461530764 1 
49.934368355328715 49.99387830152737 50.06095878606635 49.91981117519537 1 
99.90625049106681 99.88154135669173 99.83915304981629 99.94379988929735 2 
50.043750435178005 49.96490429609687 50.093557794149305 49.90640686334069 1 
0.9991404289866245 0.9991433733071261 0.9997025822019802 1.0014223304085554 0 
1.0016512191411984 0.9989585746423896 0.9989226736452556 1.0015124617395441 0 
1.0006270009771716 0.9985780089282166 0.9981852687356229 0.9996778990648043 0 
1.0001222616103298 0.9994891566756462 1.0010692753870263 1.0019048348731374 0 
100.06108861210096 100.0303485337298 100.10629704649358 100.13123259915896 2 
0.999119242598406 1.0002693348774039 0.999570565831374 1.0001397567873174 0 
49.98160147619079 50.03102685630898 50.0122246109868 49.940560259897005 1 
100.13954696232935 99.943892763143 100.10213128747229 100.1598079807053 2 
50.05490412816829 49.91200994419018 49.9419902628105 50.081452124163114 1 
49.91586994702107 49.94477129254761 49.959177398229365 50.02959023565536 1 
0.9996100586150758 0.9983136445690374 1.0009350396064838 1.0014287968478515 0 
0.9980876561602304 1.000596129836521 1.001817258406544 0.9987987643649687 0 
0.9982065027213055 0.9983900645286785 1.000608413018068 0.9982896822946276 0 
50.090124649025014 49.9400192208907 49.977140782225455 49.96580555616585 1 
99.95262432841861 99.88823546324727 100.09450348301348 100.07831302288987 2 
100.16934992232083 99.95170967220791 100.08846258923576 100.15816979507532 2 
1.0004751882700225 0.9993033097141353 1.000205789749059 0.998181385301822 0 
99.98695546131566 100.19519593153571 100.0734627088764 99.98963631759106 2 
0.9992393491408654 0.9992855979675282 1.0001581788698797 1.001373407792565 0 
50.09844964434967 49.99273958776373 49.945623688876175 50.08870799343975 1 
49.99436481427023 50.032939498856614 50.07354870027003 50.0418475876035 1 
1.000640705894217 1.0000329975367412 0.999837366743078 0.9986363123441833 0 
49.92321964423951 49.94522868528992 50.069881582920786 49.951316931569174 1 
50.040190659944194 49.91464809682892 49.96168091261176 50.01323918043092 1 
50.05635822891585 50.06174409833648 50.05434742585328 49.99364709667914 1 
0.9985712050479169 1.0004790080787136 1.0017906525279228 0.9981451515134863 0 
1.001744158516815 0.9982933012422454 1.0014241227924527 1.0008163012360638 0 
1.0019362695537821 0.9994953279411901 1.0004863172329639 0.9996243788211204 0 
49.95253859463648 49.945384836766614 50.06732326918757 50.000739467884024 1 
1.0001578858578177 0.998939510146086 1.0005954352930115 0.9980257990817928 0 
100.16136173445442 99.84074783299286 99.86927786923768 99.86984755172266 2 
50.02143927215601 50.0060517353117 49.925178724217844 50.050586948869174 1 
99.82532966841136 100.17763373004745 99.86998273187827 100.1946116762852 2 
0.9983360031357406 0.9999936753878267 0.9986774852387295 0.9997078919397441 0 
100.09871086819662 100.09864958244441 99.94747164966296 99.81711957860334 2 
50.09400692529174 50.058003669675806 50.09249612733211 50.086274980374164 1 
100.10790977289453 100.13783011782886 100.15236408739165 100.0121627073072 2 
49.91009572397806 50.02924709370627 49.952514854952504 50.06500306870264 1 
0.9994715110452224 0.9998401112048124 0.9990825044470828 1.0000717977879807 0 
0.9993382067107193 0.9992010931643494 1.0018018726142093 0.9997349397819087 0 
99.88123478018412 99.99897228101983 99.98851318870783 100.13751747784744 2 
1.0009748572660784 1.0004162427528929 1.0003141390106478 1.001224562385652 0 
0.9989995152607534 1.0017946690209216 0.9996813627703337 1.001926447962357 0 
99.94943525532963 100.04922889026487 99.92416991661979 99.85732475410853 2 
0.9993126674646317 1.0016411924072905 0.9995707162450308 1.001513697939433 0 
100.06452049321499 100.10594400586307 100.09767530057523 99.89327886894198 2 
1.0015201624224221 1.0013219322359461 1.001681508834765 0.9982753241737106 0 
1.000712851304973 1.0017354645497045 1.0017460495690491 1.0013407592512407 0 
100.19392698433072 100.07532001493638 99.86216101448099 100.10905317440228 2 
49.990663531451986 49.99255847565923 49.908530482309914 49.99031803502772 1 
100.14847907763685 100.19876744606464 99.96339731229935 100.04334231602083 2 
0.9997884652444446 1.0012842049748474 0.9999373196388052 0.9987224045144625 0 
1.0015719596511685 1.0008712381519507 1.0012561983749777 0.9989639987903379 0 
49.982699342496026 49.98703211067869 50.049828723101236 50.038453950577136 1 
99.8603495678912 100.16463572572493 99.85523223447711 100.1498820893519 2 
99.8281155222451 99.86103395963755 100.00200109965246 100.01169090812192 2 
49.99114798187184 50.049576464202474 49.97518053781915 50.0802719550102 1 
0.9993352015870722 1.001037119186736 1.0013781039529037 1.0015938877074293 0 
49.955461136181164 49.95811858037687 49.9705190786842 50.04630102660167 1 
100.0497342268322 100.18635738526378 100.1006342150654 100.19635521269392 2 
0.9985495762071552 0.9981730508548392 1.001196463780621 0.9986404419720571 0 
100.06603429626311 100.10061891830348 100.03868458658697 99.80616959763736 2 
100.17583665919922 99.91074547399157 99.9366485222365 100.0679821536282 2 
1.0014326074464461 1.0016985019443103 1.0008867741023408 1.0018493536330901 0 
99.97814212445792 99.847221232442 100.00921535310644 100.16258929886483 2 
50.02516000393912 49.913847165139465 50.0600110086502 49.97624230624234 1 
49.928367069813845 50.03792778930269 49.981481812023105 49.97972016073086 1 
50.08376978747074 49.905136173535126 50.05526564415502 50.04225122813904 1 
0.9983556284331246 0.9995439833331772 0.9980239227398131 0.9988170763079294 0 
1.000118864954175 1.0018556687778783 1.0015528180070223 1.0006798997748616 0 
100.17951672791023 100.10039215625116 99.98736867618963 100.18746370448196 2 
100.04373221517096 100.00893480614043 100.0715844174305 100.03192131480986 2 
49.9520656900299 49.92272505694021 49.90711196040287 49.9958151758813 1 
1.0013240527335594 1.0011216690013172 1.000415646826188 0.9987263280483465 0 
50.074074947172676 49.94610475121166 50.003339695065804 50.082295330831464 1 
1.0000480399813032 0.998677141424005 0.9980770908848274 1.0014625414084155 0 
49.96992391453254 49.976277475230056 49.997634625472415 50.038364057613165 1 
0.998084684270837 0.9992142583180998 1.0013862327690664 0.9982576586626739 0 
100.09222073109568 100.15636960326442 100.19450393353443 99.98601028312159 2 
50.02564082770968 49.912212869137285 50.01148269647802 50.02395454069515 1 
0.9980673521561003 1.0001854862714346 1.0002274008861554 1.0007703206552103 0 
50.05998107462151 50.020948543047396 50.04160701746675 49.924885678266875 1 
49.97942280614425 50.01028153518386 50.0026455555974 49.963891787084876 1 
1.0016646022624205 0.9997113966561939 0.9998168417233226 1.0014504910206419 0 
49.92026956533633 50.008775630955924 50.03836498782555 50.07901754108489 1 
100.06087244080118 100.13489560566617 100.0591530002707 99.86508622063886 2 
0.999705792353357 1.001372610767448 0.9981150247672997 1.0011606282749992 0 
1.0004265192120156 1.001140358742038 0.9982562318567302 1.0000518050446852 0 
100.1710053806295 99.88101656430499 99.85732786129472 99.97404283129855 2 
100.00613741835343 100.18763326624217 99.94951270242436 100.16473217627376 2 
0.998640477223973 1.0000140537855886 0.9982717220284316 1.0003079060845421 0 
49.92495414059023 50.011785892784445 50.05635410126483 50.02891147250326 1 
0.9998756036759259 1.0018688099423847 1.0000272586484025 1.0017291251465694 0 
0.9983119897472211 0.9987494853749564 1.0018088439561925 0.9984951789974081 0 
50.02434721449784 50.04444905433326 49.98947418438989 50.025981655972245 1 
50.07131374521954 50.04305146468486 49.927708890149184 50.048634384452406 1 
99.81774124236374 100.03711967101964 100.18333901677407 99.87182986926166 2 
0.9983000337733781 1.0007673213610153 1.0007994740608892 0.9985783771545973 0 
49.9900609496501 49.951453204063895 49.980999125291696 49.94705333798179 1 
49.99407003765232 49.91903414507436 49.91365765748044 50.04676072242011 1 
100.15024822049524 99.88079921783566 99.86348627042689 99.85627033266621 2 
1.0003669701568816 1.0016637669546058 0.9984254811306328 0.9984425460754792 0 
49.96462347199103 50.09517325823082 50.09159084009303 50.088647809102476 1 
1.0010244778687587 0.9984260951091822 1.0011302216959435 1.0010469831349136 0 
50.067398142853165 50.031783401725725 49.964683432521426 49.951745574748514 1 
49.936021541740566 50.06104426675738 50.0219205153512 49.96251423723103 1 
1.0007276651794625 0.9986252882607678 0.9984733735178065 0.9986606404174105 0 
49.970224247990956 49.96487767795759 50.09048426238463 49.945684659607586 1 
0.999139078317383 0.9997047650686504 1.0008548822303092 1.0004462698673613 0 
99.86353915974004 100.06553669970812 100.19992694171786 99.87612793206524 2 
50.00428298204381 50.05928836301106 49.94953745673203 49.96888803670163 1 
49.9238680088159 50.0454595593636 50.033532513106636 50.083114223749696 1 
0.9990086886600474 0.998269090645456 0.9988720695646872 0.9998619159330127 0 
0.9988611768480395 1.0018990881589696 0.9989898536601275 0.9984326101053401 0 
99.82095944157794 99.97879959219182 100.0018267195064 100.0719966504288 2 
99.94809907542653 100.03142638434628 100.09908667350122 100.16365729808788 2 
100.04393959071568 99.94229206298829 100.02310637947488 100.14255897709964 2 
99.98614358551647 99.97534949270018 99.82209607354076 100.0241328268996 2 
0.9982332423222163 1.000797368795857 1.000919300039391 1.0000758385634805 0 
100.14334097828034 99.83569807712455 99.93542329445056 100.18565411097298 2 
99.97735741290082 99.95693609924905 99.84913942702369 100.03609517323368 2 
0.9993548980657266 0.9993427671346753 0.9984631410942322 1.0018908753511655 0 
0.9988879315829424 0.9994024086634361 1.0011525499790823 1.00022754606051 0 
49.99673205856355 50.09735844329014 50.055148182405595 49.95109775912355 1 
1.0015335185823873 0.9999833853749688 0.9990698314554439 0.9997344464696557 0 
99.94863621849498 100.16120533302973 100.05705712707021 99.88773185895009 2 
1.0010925841801865 0.9988702290189279 0.998711523117752 1.0016347966875463 0 
49.93949105923968 50.08618501553151 49.98696145890083 50.028488776180296 1 
49.93092459643897 50.05027433020822 49.949418448987466 49.971004445695556 1 
0.9981461094371121 0.9983361191966786 0.9989073583374232 1.0001372099901338 0 
50.00289447918592 49.94964411923863 49.97519788876222 49.92567669396832 1 
50.0020935500077 50.008498458208486 49.969177792463995 49.9841493950477 1 
50.05554841502859 49.95868213647891 50.0661608999779 50.06733322995843 1 
50.04724144094923 50.07787914527306 49.918717252034945 50.04776013950653 1 
50.01423851479575 49.969125858543265 50.065545928587674 49.9550533257395 1 
99.9641834839055 100.13557677074618 99.92793032966325 100.03363233424443 2 
0.9981427515037194 0.9996603226616916 0.9996956286453629 0.9980888398502389 0 
50.090798627541865 49.9099289461474 50.044895569103474 49.968380406851914 1 
0.9987412290942317 1.0014777018701266 0.9995980228202344 1.0018817206064767 0 
99.86914560121447 100.05679968756304 100.0450706475585 100.08649276377791 2 
50.05027996736375 50.06947664330984 49.942591937346926 49.98786893260503 1 
50.08524593179008 49.938937913250484 49.94978978979187 50.03725210722764 1 
100.002391996627 100.0584439789471 100.1805120297694 100.0503938376122 2 
0.9990648910149876 1.0012080521125066 0.9982242804367315 1.0007929105597786 0 
100.14858381146281 100.1756517518152 99.87904641617375 99.97521261543102 2 
0.9993742697809482 0.9994198589171094 0.9999004237199404 1.000365964170383 0 
100.08281023030993 99.85980309427035 99.84627476919998 100.09554940414488 2 
49.9536976018698 50.06154474044637 49.96440866006685 50.015310157593355 1 
50.01793936934299 50.064398001992004 49.95568841738199 49.91447644176681 1 
50.0947025128382 49.98990428732703 49.94879361281213 50.04391080194077 1 
49.9947516661822 49.909912565129424 49.96413054713539 49.902340809177154 1 
49.90062500218359 50.023735602851936 50.026150523428875 50.086439584678374 1 
99.89033458256652 99.90391945016384 100.01951990110612 100.05328175794479 2 
0.998445044178102 0.9981092322253374 0.9990573102887353 1.0019170013179703 0 
1.0008963083413867 1.0001292296635762 1.0009615805212013 1.0011003798806875 0 
49.96605572230392 49.917851293935364 49.94315864756347 49.97574434982538 1 
0.998568792074406 0.99960861520598 0.9988415992111989 0.999863599670988 0 
49.94480433189244 50.07211192212131 50.02938765066857 50.05924844973012 1 
100.00746188422865 99.90779578172932 99.95311928325968 100.0091375851397 2 
100.11132258101865 100.02960122691869 99.862386409778 100.1870715185041 2 
1.0016376870730441 0.9982506443633224 1.0009411546806577 1.0012555036501705 0 
49.97258978821524 50.06422002085405 50.06323663547258 49.975221742284646 1 
99.87257654748416 100.03643948927214 99.95688648194432 100.10835731692848 2 
49.98959459362918 50.004014730892216 50.05800270568957 50.049491815858765 1 
1.0000325785146178 0.9996070555044309 0.9998684521753618 0.9980371519917428 0 
0.9995349055847842 1.0018640917643424 1.0006054026459619 0.9985725077580759 0 
1.0002805068532137 1.001970644956937 0.9986039283918716 0.9980065092995388 0 
100.1302036664566 100.01400795445763 100.03058570161811 99.8412868517165 2 
50.05287957086128 49.953879099671155 50.021281136128216 50.04758351789439 1 
100.1263263392002 99.91227866307564 99.88730041986759 100.0328732815538 2 
50.019727599222435 49.99384874151323 49.98545959142426 49.90071395395023 1 
0.9981326652582045 1.0003103754359186 1.00103194897418 0.9980840489615097 0 
100.04708976445801 100.00237182296156 99.90707910504786 99.80914336643634 2 
100.04278844550905 100.01084607544128 100.14349341245762 99.89829977178638 2 
99.98442223501159 100.13776810981578 99.90290681855339 100.0675773656359 2 
1.0015365108882142 1.0001720339277513 1.0017343465213564 0.9982994204017624 0 
50.07147369028344 50.08264065385799 50.03601691759882 50.004972320603756 1 
100.05566552543847 99.85550609436804 99.93034982498384 100.18077217486021 2 
1.0005378916530927 0.9986068434326354 1.0014796296445185 1.001301642715301 0 
49.94404059870181 50.02180216726923 49.960756796448116 49.98692818079671 1 
0.9986392085605516 0.9997297969369088 1.000596047883672 0.9987208460434244 0 
100.08762526098265 100.02161849080245 99.82537788427175 100.08613914623423 2 
1.0014834507740344 0.9980945020929218 0.9990666441304695 1.000651213768959 0 
1.000613913307128 1.0002217253414494 0.9995507959859133 0.9980575434192437 0 
49.97249982101715 49.99787030273254 49.960196724446114 50.099687258521556 1 
0.9981596108284162 0.9987940677926765 0.9990904245489033 0.9981458257938175 0 
0.9981841209135441 0.999720726826142 0.9999886557503412 1.0017266946457788 0 
49.986916999307226 49.95500707706638 50.013538725217074 50.06780853672902 1 
1.0010785048025632 0.9993913341036565 1.000615076834218 1.00183060800541 0 
0.9998036047846066 0.9988439948704754 1.0008945945588275 1.000245829008022 0 
1.0000086739410834 1.0006275730527803 1.0001604593181632 0.9990082483702558 0 
99.82155060154072 100.06678237472266 99.81332251905854 99.89474408926972 2 
99.94252546179605 99.92101153402311 100.01981682469818 100.00858449573502 2 
100.00727789594623 99.9909940423607 99.90982654390696 100.00747167074503 2 
99.8240634996 99.81375369161327 99.84571788273769 100.14110662039168 2 
99.81758040580445 100.1861468780705 99.86142583789531 100.11808703742817 2 
99.8329505364581 100.03055386625334 100.11906829789646 99.95737355277147 2 
99.9989037449197 100.19625081666064 99.97078475030555 100.07735630418028 2 
0.9980788679670326 1.0006301699898819 1.0005930365387015 0.9982737890929789 0 
100.02019081949288 99.92077870963249 99.8841824985062 100.00179916866298 2 
49.97600272101579 49.94094703539135 50.052598224471744 50.01591587260077 1 
100.1952835064734 100.05880911131581 100.17565864981366 99.90908145492504 2 
50.01576005443759 50.04061761739717 50.06876808889163 50.06471036961666 1 
100.12822212510811 99.86533861063032 100.05439290873876 99.89404531704393 2 
49.94998670322237 50.045068825413594 49.924179725987564 50.03172949672471 1 
0.9998244954852374 1.0010678985304922 1.0001650361749073 0.9984498883536446 0 
100.05574188254349 100.11516715690591 100.13286524351932 99.89577979801095 2 
0.9982321396530429 1.0012313346917194 0.9981003086169316 1.000212424513852 0 
50.03045468934246 50.062196354798715 49.98439361186007 50.06944591178437 1 
99.85271769435668 99.8992468270262 100.1700000959537 99.95772741530136 2 
50.07597047086303 49.94962428263586 49.99443297030691 49.97256294945353 1 
99.95323907485546 100.00357228577825 99.80303409692623 99.91369177980079 2 
1.0017834494061437 0.9983679180250546 0.9999301232699812 1.0006344196227936 0 
0.9995581684109384 0.9989214655116616 1.0006874025145263 1.0009125231798712 0 
0.9981225677677216 0.999965630074101 1.000068792470091 0.9986576496671046 0 
0.9997906873770738 0.9984278387462361 0.9992078244362683 0.9993716182535755 0 
1.000572670245361 1.000378684756073 0.9986627395473449 0.9981767327395752 0 
99.93571115324036 99.91966995797854 100.18864286783932 100.09687572583226 2 
100.1610205722647 100.17686747668182 100.08178519114716 100.12736558765016 2 
0.998594738199402 1.0014742094378408 0.999947005278675 0.9986981121530457 0 
99.94000543907194 99.85262716813152 100.12988656864417 100.12958740854255 2 
1.000672770453084 1.00050295318278 0.9987662489487411 1.0014650645079988 0 
1.001142113663562 0.9994566014029409 0.9998446702002716 0.9995007129431909 0 
100.17904059232461 99.95175256036939 100.06128792311557 100.07675107685233 2 
49.90502826248033 49.915807228270445 50.028925280782865 50.001020676754145 1 
100.01633076627145 100.0436920311895 100.13230389479635 99.92457027438641 2 
1.0006537559360706 0.9989060625930649 0.9996327252668862 0.9991076994536904 0 
99.97818169897255 99.94663616179916 99.98227836538535 99.82672819882553 2 
49.99895928248987 50.00131405606316 50.06795953712334 49.92385037711901 1 
49.93777640016473 49.96051311265528 50.016424422089244 49.932056931869035 1 
100.16433627644786 100.01416378569877 100.13312389300778 99.80244956439856 2 
0.9981162545019047 1.0007806152468046 0.9981839084440257 0.999020206751321 0 
100.09164227156415 99.96162647070321 100.03559760742777 100.19183754971684 2 
49.92595534959412 49.96087991843733 50.090194610889796 50.03145791267593 1 
1.0014543350216414 1.0006334793606932 1.0017610794027723 0.9980927608103061 0 
50.01319178019784 49.9992878341873 49.97429487502752 50.038852065360466 1 
50.053308042894386 49.940172204201815 49.999658976918575 50.037358549443034 1 
99.8450494334826 100.17619820261405 99.96249959246741 99.88290933616464 2 
1.000733950592685 1.0008639082440491 0.9991337640615132 0.9987728525933897 0 
100.18980821729755 100.03843987069803 100.17157160657905 99.9303568017021 2 
100.05431266130095 99.82739626707276 100.1460415608814 100.03126189403696 2 
50.05909977782228 50.00341007492081 49.98382410207944 49.92219123747324 1 
49.92375037703167 50.011624044767174 49.993395179422485 50.048278756226566 1 
99.80577302713185 99.9340271555915 100.1641324925852 99.86678337817735 2 
49.9494458083494 49.95971993469956 50.02471989178648 49.94531015278238 1 
100.18566418667558 99.97439549020234 99.96849444573327 100.00745959890479 2 
0.9991300718823057 0.9981239042864319 1.00072935628591 1.0011967945853233 0 
0.9992359352875987 1.0013689817733373 0.9985167693511668 1.0013487144580449 0 
49.993477276741075 50.09714523908789 49.95831295073631 49.91024372352615 1 
50.0954353019255 49.98786857680723 50.00482434942912 49.99766980865992 1 
50.00117789135885 49.9447515798462 50.013548420574324 49.923078062571264 1 
1.0015492069962804 1.0000441870429433 0.9998999471951843 0.9989517381086924 0 
1.0017680220897034 0.9983913433860947 1.0002227093170497 0.998928650338925 0 
50.016745898036035 50.06049059944817 50.07175079128063 49.99511726824335 1 
100.04547976730943 99.97900195491492 100.07501711200081 99.85045735509499 2 
49.909577282396214 49.96975160846145 50.01556548166234 49.99204697571521 1 
0.9987239804461875 1.0009461415890593 0.9994887900420917 0.9992369157564415 0 
50.07342027956701 50.07614418806388 49.99824589359017 50.07647519475129 1 
1.001061039567357 1.0013845831682897 0.9993920876701856 1.0017633129629653 0 
1.0004149840441308 0.9984179981466621 1.0012127712669843 1.0002967101605762 0 
100.11551065938836 100.10459553097874 100.14581908543938 99.8711708660807 2 
99.97540158623032 100.1766528693784 100.09566227239873 100.08626127558956 2 
0.9981406103303586 1.0018725119108178 1.0000285013885135 0.9988635411195605 0 
0.9983506654220636 0.9992679820282966 1.0009987162026697 1.0016243740826345 0 
0.9982553717280549 1.000065699693086 1.0003842049446776 0.9982795314698079 0 
100.00384710582944 99.99508539732382 99.96781143003312 100.02670726866181 2 
99.90058106523641 100.14936098378844 99.98109209183708 100.07973934200069 2 
0.9989421366098328 0.9988798110027571 0.9995456588049958 1.0013944209479981 0 
99.91023315949259 99.99384309359442 100.15448783003175 100.09030962500539 2 
0.9988713951143235 0.9984591212828026 1.0015713115611729 1.0009893222100483 0 
50.04128667676294 50.03470984864526 50.055150276816 50.054214132874606 1 
99.88145344876854 99.91351522623053 100.01982697698602 99.85535131791525 2 
1.0005587883618186 0.9982387735917642 0.9991499436201448 1.0014448783587824 0 
99.93556310369405 100.06337132915846 100.12617582353349 99.95094468897291 2 
100.05436156712753 100.1858192072924 100.00817970661629 99.96649567627986 2 
49.97296202144514 49.95043812167672 50.03405665925907 50.07793436606704 1 
1.0008815464175536 0.9989391934293054 0.9985991741427805 0.9998578308724656 0 
100.0264456071671 100.15946809961852 100.00246957167019 99.88191881793604 2 
1.0016037229029908 1.0004114985949148 0.99826262703786 0.999479357238572 0 
99.88405462275045 100.12445339592524 99.99219488209528 100.14887979541813 2 
50.002405826936894 49.91521618884957 49.91835771653395 49.90342659145156 1 
1.0013017816217986 0.9995537077636453 1.0008227059114372 0.9993472047802291 0 
1.0015909604211477 1.000345532029857 1.0018221751732885 0.9982474015122319 0 
0.9981711445241869 1.0011116252500076 0.9993422833728731 1.0017837724530705 0 
99.86854502473646 100.19179131980776 100.1792482460847 100.131971319066 2 
0.9997105254116013 0.9998057016751103 0.9996376901769636 0.9981830802319189 0 
0.9988720091889224 1.0012664041103918 0.9980710500622065 1.0013364490731185 0 
100.14421433912416 100.11128907619343 100.09415959715618 100.04568065692182 2 
99.99589203347752 99.80634730223314 100.07610449008354 99.84315579758615 2 
1.0018331250596588 0.9982363675017744 0.9995858423639962 0.998661044442039 0 
49.93430372941236 50.01079190599359 50.02800318464524 50.09478783340545 1 
49.93366698131007 50.09200439163109 49.99608942053301 50.06071576918522 1 
100.0793425942512 99.96785431712112 99.96992922811272 99.83982214640153 2 
50.03992474550988 50.003084964515686 50.03856774554308 49.997598486980515 1 
1.0007120751765048 0.9993837049273722 0.9996766142703025 0.9984989505150137 0 
0.9983361550626968 1.001438781645879 0.9983768283457172 1.0000506917836485 0 
1.0000548750931448 1.0007835966171146 1.0002522006774552 0.9997520762401856 0 
50.091699627118864 50.069205703466714 49.983013297388375 50.09658223026857 1 
99.9999461973505 99.99612983385303 99.80674465140447 100.00345209913223 2 
99.9043013530838 100.13875809991227 99.88583716626901 99.9035822552038 2 
49.94608039022827 50.010376172810275 50.05089034886632 49.91414430498103 1 
99.99501265111363 100.19301010663223 100.06949766345014 100.1793164302899 2 
1.0008215009040582 0.9994051420177301 0.9998708096558259 0.9999015491636989 0 
1.0016528284095256 0.9992080016058523 1.0009241294525868 0.9980286126861669 0 
49.987732238433914 50.07576640638184 50.027863306819995 49.913173966363196 1 
49.9753230799912 50.02484625730561 49.90033588154991 50.09717185693228 1 
49.962979802159595 49.901584413146615 50.004628916606976 49.96477629500398 1 
0.9987687085704268 0.9983256020343522 1.0004071908430634 1.0016476386440376 0 
50.01597554337555 49.9088369493133 49.992169609439806 49.97903571462596 1 
49.94101838209606 49.90173478983732 50.08150219001809 50.029312406379965 1 
50.00613968639278 50.0265405415768 49.98319099206046 50.0062077925428 1 
100.09872475777956 100.1359188882413 100.1254826053133 99.80438632947575 2 
100.03214249623903 100.03424250357551 99.92447875830058 99.91782935867303 2 
1.0016878509268454 1.0004438330656942 1.001999371040914 1.0019348003315507 0 
100.11575148754791 100.12362690701437 99.96542002217866 100.04103416996726 2 
1.001953417349965 1.0002293769550403 1.0006250979797309 1.001204036583996 0 
1.0004002618065344 0.9980788778949694 1.0001392337697261 1.0000810356101402 0 
49.95766465441373 50.067796541769134 50.04703269896764 50.08915068807524 1 
0.9984291043643958 1.0019937427072794 0.9987884129720882 0.9984360944089505 0 
49.95786572187176 49.961642251674505 50.047968680575586 50.053231665230676 1 
0.9983430454511927 1.000458217059451 0.9992140000637375 0.9982036365547615 0 
0.9997583573062683 0.9982298700260834 0.9990499532557278 0.9994603243834529 0 
99.99978726807636 100.0650244960858 99.86843879606859 99.85942621212509 2 
99.9487118268175 100.04571937750673 100.1645032945396 100.01247255089095 2 
1.0004883069106016 0.9981229281046239 1.00045874352318 1.0001302268917531 0 
50.034921415150926 49.998232056060566 49.92164010364558 49.908229056516774 1 
99.94652041343545 100.08236705551315 100.09865984298325 99.94420627983256 2 
0.999648897132906 1.0010518055642066 1.001274670715596 1.0016578801349363 0 
0.9987325399191347 0.9985232789588386 1.0011020815052887 0.9996097228316249 0 
1.0012584690469157 1.001224693662391 0.9991388195691382 0.9999638633308435 0 
49.9985937472909 50.08632460203473 49.92476167037182 50.0012206584785 1 
49.930763109137295 49.91140139523758 49.98176689471306 49.90113443166293 1 
1.000413697931892 1.0005031060727192 1.0004148912376223 0.9983720691999516 0 
0.9992519781109866 0.9989917225195981 1.001394480755402 0.9992210637689855 0 
50.07448704637223 49.98150362064554 50.032765481405605 49.9209428053193 1 
100.13120879698238 99.86345342579928 100.14966812400093 99.83901933420002 2 
50.08816204363498 49.936209607765775 50.01544054556074 50.07625572947536 1 
50.01190213529753 50.01936785325251 49.971953215734096 50.057868426633696 1 
1.001110130664653 0.9993243326510943 1.001280338716571 1.0003973390446776 0 
49.90826999152593 49.90816593583801 50.010878314706666 49.99596195311612 1 
49.92354328338126 49.93348594595018 49.92529144097142 49.903366368896215 1 
49.994574296384314 50.04687150816907 49.92569191213152 49.971891322850674 1 
100.18105970801341 99.81644890519424 99.8899200246187 100.17071582318975 2 
100.00365682990575 100.1494272962993 99.87580816464609 99.83859696971905 2 
50.02507331138812 49.96753765128566 50.00822353538542 49.995524530219356 1 
0.9985587404730233 0.9993744433264357 0.9984917866173063 1.0002272296932686 0 
49.95730099861 49.90291775711697 50.045633628451625 50.09453896322728 1 
100.19283536526936 100.0143419639607 99.8430096343814 100.10368625037461 2 
100.1614781453951 100.00017365992672 99.85296204241516 100.15419962070058 2 
99.84724468253447 100.16918334208862 99.90007596448824 100.19713425354747 2 
1.0016845991815864 0.9988258027093563 1.000533937395869 1.0001862626174156 0 
99.85688178588694 100.00012867496523 99.92756561722732 100.1540056823106 2 
99.81713665961412 99.86434927517807 99.9423716380497 99.86429500272352 2 
0.9996932686643367 1.0002592630732519 1.0002670696473648 1.0000728387597138 0 
0.998043780887287 0.9984798363147253 1.0017205829267746 0.9995596402053166 0 
50.03486987880225 50.04949466763818 50.0511243429591 49.944819934450784 1 
1.0002049886438218 0.9996129770802197 0.9983641360698248 1.0012131078583084 0 
1.0006690545418662 0.9999804248914815 1.0013973933942661 0.998676157500656 0 
0.9994709471143254 0.998514222249113 1.0019811012613895 0.9993603134810318 0 
49.90316061750755 49.9553902574124 50.04700096942773 49.94226061036419 1 
50.004537216092665 49.91518017445191 49.91710414741272 50.00106270433219 1 
0.9983295887234419 1.0002299571806743 0.9985570328017869 1.0003242519789421 0 
0.9986486086857804 0.9999330792869521 0.9997142466382782 1.0001898693526006 0 
49.98790938021252 50.085132928416684 50.09344031751531 50.06692060243411 1 
50.0937393392132 49.91321318883416 49.9241248804602 50.001802101623014 1 
49.9543575141097 49.992442226964094 49.93567186835829 50.02995534234663 1 
50.040532623242115 49.94652051585267 50.08823650209617 50.04736475064296 1 
1.0016854054939983 0.9996855247589973 0.9995506673400633 1.0002036440032236 0 
1.001379595181715 1.0013542659472943 1.0011343306054141 1.0005993006352687 0 
1.0014808921459069 0.9998297689900071 1.0000497085676163 1.00090491603123 0 
99.81793391774839 99.83216589062036 100.08298547181322 99.90274159150079 2 
49.91798654862044 49.9859457800558 50.06270623559693 50.018534363072824 1 
0.9982350051706345 1.0015914018244947 1.0012765869305649 1.0018296533992377 0 
99.80330367439886 100.0391113615964 100.08500529494191 99.92267507792988 2 
99.87061145263809 99.88700581732752 100.02898796351896 100.19912335765814 2 
1.0004268138757488 1.0006146978328232 1.0003777943593368 0.9993104891067004 0 
100.03890392047302 100.01215719576031 99.92977688102546 99.8190646588784 2 
100.17240877385377 100.07266844402228 100.00385708664267 100.12973063913878 2 
99.81205079255865 100.19406394872486 100.03375441512406 99.95598100222769 2 
99.82430251010501 99.81055989728581 99.95292379781048 99.87908279135505 2 
49.98930412585599 49.96890819270999 50.06863336291569 50.0552349600531 1 
50.08998130304516 50.05179001365171 49.93267845405071 50.003759353363584 1 
0.9997942038139995 0.9989003296206851 1.0018789106614463 1.0018806104921982 0 
50.04516593898234 49.92947193590258 50.086983562811824 49.99584607278464 1 
1.0012844753024406 0.9981768622885057 0.9988576917534039 0.9989541351375283 0 
49.97103543597298 49.909184525406765 49.90469202484383 50.007303262256784 1 
50.073244509196144 50.00125930431617 50.089388461477014 50.092269842222294 1 
99.9818711905178 99.97602239393254 100.08855635043561 99.97687366819794 2 
49.98367134175034 49.98398321571747 50.016733348932306 49.99849825973167 1 
49.90373050313259 50.00053933622102 49.98600754863225 49.95643004431759 1 
99.96057561599235 99.81237447966838 100.08798674242979 99.91126665197055 2 
100.08064149573862 100.1919543723488 99.98755667482807 99.8062505710299 2 
100.10609893390712 100.03539787888808 100.04640389450827 100.0871377684256 2 
50.00608812593729 50.014488503423365 49.91976356515828 50.0049484655297 1 
1.0016462853997754 1.0000075960987418 0.9988254017821172 1.001596585906084 0 
1.000844099824901 1.0005065749788853 1.0005165067113522 0.9997045202545061 0 
0.9988234567712226 1.001937073462831 1.0012359785851432 0.9998863693535329 0 
100.19676364657076 100.077799747879 100.0951312120709 100.0132122613708 2 
0.9998361790993114 0.9983173274295977 0.9988028646168109 0.9985339199899914 0 
49.977236951342164 49.906167671453446 49.93783662869587 49.95793816030791 1 
1.0015284045089545 0.9994929401591133 0.9991037360892151 0.9983906288743817 0 
1.0015990493003402 1.0010798164912118 1.0008633684565844 1.0002484506536147 0 
49.99414735762349 50.099948441717935 50.061964923661385 49.93735328871454 1 
1.0015611763452381 0.999365145994982 1.0013408334654916 0.9986912057726199 0 
100.11105530026606 99.97760619312274 99.88484723258931 100.06526721609534 2 
99.97964568394764 100.05798746655489 99.86384084020602 99.85399738660858 2 
0.9982248264076864 1.001385024007559 0.9986737389545237 1.0017041564786364 0 
0.9985338428858528 1.0015875880083887 0.9980325034420493 0.9998046835708789 0 
0.9996263162892703 1.0001598086166248 0.9995791601169174 0.9983551612939143 0 
1.000825416516239 1.0009765230674261 1.0011884176629768 1.0010190399910386 0 
50.05227037187885 50.0463396946523 49.930486810784394 50.07830047658889 1 
100.05998547650722 99.94114220674676 99.90697155885185 99.83633110822835 2 
50.07735607897862 49.937991565417455 49.90361371757997 50.07356846106937 1 
0.9996383712424882 0.998320295573096 1.000956804973376 0.998304713909232 0 
100.12706002251191 99.94630873074638 100.01224482774722 100.12563843120584 2 
49.960163227350975 49.95217422586508 50.008453377877814 49.96013776237876 1 
100.06627119395355 100.11676122519893 99.80241731666192 100.06570555794227 2 
99.80282348517336 99.971341303115 99.9285946530377 100.03375951094225 2 
100.13794982404033 100.07563451063277 100.04386754009536 99.91592866332631 2 
50.04914456101267 49.93246281596036 50.01619236719227 50.01356402824417 1 
49.925455302718404 50.01096252727789 50.02964533146356 49.99855875699637 1 
99.96917572275336 100.1849452498964 99.8221603830618 99.93430281569458 2 
100.00674955329053 99.93160510081677 100.18357892203721 99.9972156105657 2 
49.96328437577593 49.93698934387935 50.08204690626368 50.08571285233377 1 
1.001208427236435 0.9988721398337198 1.00133412063649 1.0016084703033468 0 
1.001365244452555 0.9985526630081476 1.0002869670146948 1.0018959128701268 0 
100.1360784200934 99.99213542260682 100.16152501911034 100.1440659681131 2 
50.08492060113068 49.91840089955776 49.93405218645601 49.92986508148894 1 
50.016372414289826 49.94421171795684 49.93226092254609 50.06337291625477 1 
1.0012458196915013 0.9983868306015931 0.9989503505628206 1.001689094328759 0 
99.93090552739913 100.05811807434159 100.0304958321765 99.92047541326916 2 
100.01398607391747 99.98049006065195 100.1299540761381 99.97096870081992 2 
49.91184176349662 50.00371077567906 49.95943796766119 49.921265988348786 1 
100.12765755888127 99.94656640809744 100.17979154654228 99.88026391971043 2 
100.121943805418 100.1312102290562 100.09225088732487 99.95044533873265 2 
99.95524479809414 99.94274346162177 100.04667915577585 100.03128661696243 2 
50.03088446253588 50.00694271729149 50.056254664249096 49.91755578789167 1 
99.81107798017229 100.01452638394956 100.1003714823283 100.17063505743639 2 
0.9982393780418792 1.0011776355951814 1.0009253163947835 0.999071252526207 0 
50.02668855451817 49.90864394775668 49.940834841322896 50.080636281966974 1 
1.0007802318013956 1.0017181200513132 0.9985392489964076 1.000675290688854 0 
1.001451156048827 1.000866636356279 1.001942156453638 1.0015899479477226 0 
0.9991502716109701 0.999299709896318 1.000496456459475 0.99993983838046 0 
1.0007368132819054 1.000173188416475 1.0002559906000676 0.9997215621939449 0 
1.0001853364540711 0.9989805387509848 0.9985674086469392 0.9987825891208506 0 
1.000858555535283 1.0001899339520712 0.9985630914945376 1.0006277750317454 0 
0.999904457322513 1.00130625523877 0.9983146247581258 1.0004052803549062 0 
0.9981165888611622 0.9990886965109724 0.9999248678095293 0.9998196315482847 0 
100.18979782865785 100.172927188115 99.99391545143301 99.86901523292332 2 
100.06778765642962 100.07766738248093 100.17832174257934 100.16713765647089 2 
99.8721595349486 100.1119706677264 100.11451565028985 100.19005076587726 2 
100.01285798179907 100.11853605333722 100.00771933273164 99.95158994488258 2 
50.01119981868842 49.996328831612914 49.91346562397112 49.90726077154213 1 
1.0009255209476267 0.9987336341186484 1.0016030687513686 0.9982644193643049 0 
50.055618912723254 49.934089870088826 50.088184498996824 50.03113068340819 1 
0.9991129262437173 0.9995508391512332 0.998586005242979 1.0012165097308243 0 
0.9981804705842158 1.0019957561629267 1.0001904254192688 1.0004529616659508 0 
100.13957591126712 100.03124990657359 99.98785231787477 99.82987616653124 2 
50.020354705450565 50.04311354306046 50.082737232450654 50.044622428033016 1 
0.9992443003223475 0.9984524703994528 0.9994044980946782 1.000974837422346 0 
100.16446543531232 99.99035619422985 100.15492462548339 100.1801735690427 2 
99.95979596264795 99.91021486962359 100.14346208481317 99.88414629713364 2 
0.9997341581689554 0.9987182699127075 0.9981520598352277 0.9985041975274346 0 
1.0018680261972082 1.0009841769251173 1.0017581370131534 0.9990122225196498 0 
50.055858208484956 49.976894348358734 50.00281983517007 49.91365576056978 1 
0.9999598292991451 0.9989558320600266 1.0017338060648253 0.9992984147514875 0 
0.9994921515754247 0.999418699633984 0.9999332477280982 1.001025013080887 0 
99.88416213995167 99.99848743860566 100.19433512282694 99.88863312132958 2 
50.095412333762106 50.033034933406576 50.01229969569478 49.99001993067865 1 
99.8341711298638 100.04338189926388 99.95747047207009 99.91689627718746 2 
1.0018248941060408 1.0014600498913948 0.9997512258635516 0.9998884898242382 0 
100.19707176099959 100.02520649625644 100.14447685568302 99.88513216816503 2 
1.0009234953155464 0.9982668499206591 0.999055270565813 0.998839473134487 0 
99.97596056591644 100.19762343389515 99.97870245248232 99.92317670765753 2 
100.19383614914621 99.94121246187618 99.99154266130365 100.184509611563 2 
99.97646765513886 99.97155782403131 99.99228288924549 99.99294042044403 2 
0.9998197321479588 0.9982773573977677 1.0010842735143402 0.9996903544512945 0 
50.00443244815785 49.94588303110321 49.94765352082411 49.934931638108246 1 
99.80386066738778 99.89821409958753 100.0870459418305 99.84103051950851 2 
99.90046396497797 100.16713946678405 99.96362057106143 100.0135605642623 2 
49.98702140049478 50.03787691378874 49.969920326004434 50.021662085451815 1 
50.05856418556839 50.03948135964492 49.95835330716828 49.9026584221242 1 
49.91814313025077 49.91280881316143 50.023558103729414 49.93805145868275 1 
50.06462911757371 50.08824961551421 49.97183671929987 50.094274246954356 1 
49.903628399290575 49.91730957389295 50.04702261309476 50.08096632706129 1 
49.99917567599343 50.021664707547224 49.934137331113845 49.9423183496845 1 
1.0013320669651753 1.0018578976960124 1.0004815992747254 0.9988495553993175 0 
49.95958777414795 50.04817943271824 49.94700530491915 50.013347865443684 1 
50.042663122291074 50.06124812499303 50.080921680134196 49.97846386002535 1 
0.9988645061247694 0.9991978196862478 0.9988215409963788 1.001927249539645 0 
50.04188901886348 50.06303696708842 49.94701778983855 49.96608147881272 1 
99.80266015192177 99.97023707279409 100.06038050558797 99.97970179077691 2 
99.87361195400268 100.03806301480576 99.88385970011193 100.05614307595367 2 
99.90218357089886 100.02272299528205 100.18312634454259 99.9005966684671 2 
50.08086980716902 49.93259269789765 49.91032355825288 50.00608894471552 1 
100.0582325953682 99.99689324918701 100.17064850108022 100.18766023520845 2 
1.0003993185759805 0.9993799024846165 1.0012643793587768 1.0003973495854148 0 
99.96132378268184 99.92514724059554 100.01589681892426 100.15871984606767 2 
100.16203558132304 100.19276440853905 100.0213104201006 100.18284683850027 2 
99.85712178375815 100.14160174253942 99.85491901548941 100.03057244825324 2 
0.998863499476111 0.9995852650329896 1.00157960826084 1.001556734307622 0 
1.0018375652263385 0.9993479051848233 1.0001303592160664 0.998311322785279 0 
0.9980894568413053 0.9993252099186242 0.9983902746772996 0.9986315813384621 0 
1.0015897875936428 0.998871836071515 0.9994257644682689 0.9980030686330307 0 
99.806616107472 100.17372293624182 99.96540984753821 99.87625334537623 2 
99.98324992013357 100.07014289260269 99.89389136958678 99.88365428749009 2 
0.9994589619684068 0.9996416586818315 0.9987785700009896 1.0006300390603537 0 
100.0413862735687 100.1471980330614 100.07107554783158 99.94634084867634 2 
1.001467670547539 1.0000877551905587 0.999545915810377 0.9988585339631861 0 
50.009295956139944 49.999163577374205 49.92648820163611 50.09627840182238 1 
1.0009789310355535 1.0015116510446593 0.9988784893867754 1.0004380089174425 0 
1.0018811365922617 0.998043474587618 0.9987187278806462 1.0007066416391641 0 
49.93085310864228 50.06318275932341 49.94373978163315 49.940011458391666 1 
99.83106507829866 99.94315874633524 99.95265546181304 99.8457021325082 2 
100.16521972713402 99.9663296536032 100.08446158516463 100.1960660549555 2 
0.9993624355908647 0.9998900106422333 0.9997266592291404 1.001609175178457 0 
0.998492890550799 0.999942468415336 0.9986588788021729 1.0003999227844302 0 
1.0018130526576023 0.9992174278171112 0.9985140602824625 0.9996683973555494 0 
100.10131974039267 100.1491740264257 100.14186678839879 100.04656113950497 2 
99.97987743443136 100.11087475235776 100.16270206261433 99.98693649077086 2 
1.0001186955288512 0.9999662126162261 0.998583452283334 1.0005227779125412 0 
99.91107085198473 100.18080978356458 100.11586972317407 100.02105599450188 2 
100.07154235161589 100.09669092882139 100.08792187603406 99.87789644969195 2 
50.043596339767554 50.07048801039045 50.02698360334013 50.02965923126243 1 
100.12592124003183 99.90659553976452 99.96192149432723 99.86014353530004 2 
99.9129539945046 99.87785787989016 100.07793680260525 99.86986695580298 2 
0.9995401472864591 1.0018774883357193 1.0010847700625305 0.9993676857035475 0 
49.981756574748054 49.98995695600284 49.97513601003427 49.91023682843988 1 
99.91180378400777 100.18204478220441 99.93454679226771 99.90804795993209 2 
99.88622052360999 99.9727004152766 99.94989592827257 100.10973616097489 2 
0.9999556789097216 0.9996121444987491 0.9987519235863644 0.9998308545245861 0 
49.95939157431826 50.00187870628193 49.92266465005636 50.084641282539174 1 
100.10722450718026 100.09231865038794 100.03444138307783 100.19710431213605 2 
50.009419807753964 50.0103303878147 49.98367975035291 49.958783049933395 1 
50.02246864797462 50.0861975760609 49.90706929261594 49.91444305517969 1 
49.972738213613056 49.901598101162456 49.9824867962118 50.04493351479985 1 
0.9982341891832259 0.9984171349658345 0.9997919576929407 1.000528142201354 0 
1.001583590239916 0.9986998384899984 0.9999602588780698 0.9994016100058467 0 
99.86874549634634 99.9040711894039 100.13840762296803 100.0184450166993 2 
99.97778760910354 99.93194285313434 99.87071441558417 99.84218573265296 2 
49.977532362389574 50.04113931655079 49.99422138191808 50.012927709247336 1 
99.85913887120618 99.84673112250066 100.01154638858328 99.94814234127504 2 
49.95178715411511 50.07707822913388 49.9753696981273 50.086021589155294 1 
1.0008383773771359 1.0012975661375418 0.9996211003908715 0.9980182002674206 0 
100.09662796126828 100.19738129046331 100.14036712529149 99.82948245907357 2 
50.062870827596 49.98729308697078 50.01867600352702 49.92994815238323 1 
49.92545348848437 50.07320338144341 49.974063313964685 49.99106821617627 1 
49.90416823734712 49.968252065770095 49.9287355711515 50.035113006180715 1 
1.0005761784789067 0.9987271782341832 1.001641245634927 1.000343828867007 0 
0.9988667894950286 0.9995487695043125 1.0006642520463964 0.9992057913592852 0 
1.0007685981467092 1.0010901210237735 1.00028712283677 0.9996569046135122 0 
49.94440039641485 49.912361529575215 50.04091131220083 50.028467506707955 1 
100.13848939745121 99.93858016285579 99.82654439160922 100.13663993791333 2 
0.9988700429538361 0.9991061066192816 0.9981915159315361 0.9997406225559193 0 
99.92121303755665 99.816453885664 100.15769824877422 99.9939748828319 2 
99.80672935782262 100.06677853278865 99.84274463619114 99.87885634998257 2 
100.02465331044087 99.91820863204823 100.07532411235968 100.00717801146585 2 
49.96419736875154 49.999455020899 49.943283805722416 50.018335947325156 1 
1.000983397499611 1.0002712606739055 1.0010687904887468 1.0015311214705847 0 
50.06904290589168 49.922027569266284 49.99693602742248 50.094454271165056 1 
1.0008373005318618 1.0013218848139043 0.9998991836340565 0.9981268206868543 0 
100.0985705483044 99.93974211356291 99.86846586822475 100.18829071695863 2 
1.0016956995079707 0.999213434200347 0.9997342343371298 1.0001276934901473 0 
99.9544215884946 99.83439841620029 99.96862344291065 100.14770889691457 2 
99.96883178696835 99.97372035050164 100.10364841323984 100.1811184141268 2 
1.0004274850416404 0.9987344226311444 1.0001850600449105 1.0014806315347897 0 
100.14500154139165 100.17677382669366 100.0651842564107 99.85230982652773 2 
100.11859325246454 99.99086073865853 99.81118847700883 99.86724425245659 2 
50.02174696156402 50.03007624456917 49.99065784321139 50.054459256026 1 
0.9998593671124261 0.9998315202381557 0.9982237716005037 1.0015226547279998 0 
0.9985021015692797 0.9995745388604576 0.9985153833008104 1.0013894501697012 0 
99.85170048080444 100.1243534516018 100.13546128104734 100.03811694629562 2 
99.92973448196365 99.87395521352839 99.98249465392071 99.80564677082015 2 
1.0007174332247377 1.0008574468853766 1.0000630502684658 1.0018908248927247 0 
99.88498026887837 100.12936180552495 100.01148338944564 99.97604498477129 2 
100.1090937121077 100.16319093485943 100.09703116301712 100.11577238429135 2 
100.16342223830856 100.13523917399992 99.85198623153606 100.15282888105801 2 
99.89573390861612 99.89705898536384 99.93640781325782 99.98919109767085 2 
99.97480462514551 99.97502714609197 100.16591002979966 100.19908256008871 2 
100.19897556499262 99.93927460713883 99.89725845566936 99.8251756291512 2 
0.9984314344827373 0.9993324843162601 0.9995281550459671 0.9981937946098127 0 
99.8017939827031 100.0165391634274 100.08580129469864 99.86308509257101 2 
49.98748573085177 49.94058818341747 50.07470927648923 49.98972606354541 1 
0.9987692227796605 1.0012798215926464 1.001503629004101 1.0019942354567384 0 
100.05973038308954 99.9103089833739 100.18491611853597 99.8773319232337 2 
99.83665408266832 100.08131265068944 99.94799669963143 100.13556688949718 2 
100.18526728298012 99.8544267159877 100.1182094951747 100.05402387214457 2 
99.90151880860152 99.8711930141624 99.91866886043441 100.00989431718507 2 
99.93492977228817 100.14074251748025 99.83967296044874 99.97679819793554 2 
0.9986202185555236 1.000477600697053 0.9980684413662584 1.0014381540189237 0 
49.953128846655034 50.07818259376488 49.91873069410683 50.0694286098294 1 
50.02006408731033 50.0088534022674 50.024648526020115 49.977655538298094 1 
99.9815531180493 99.96007461557019 100.07766188397846 99.96499089476072 2 
99.84470388723034 99.98132879006523 99.9368157954632 100.15890262625553 2 
99.85022442535943 100.11613505962858 100.1955198663784 99.99149943617485 2 
50.047145905674945 49.96512777061914 50.09670087798145 50.01532003695081 1 
99.94789544356212 99.83751012672752 99.85379064122009 99.85150845348043 2 
100.0910666618634 99.84116768634527 100.15805772231164 99.98285371366592 2 
0.9999492970589211 0.9988055949593618 1.0017667011865223 0.9987897655471523 0 
0.9998291382736139 0.9983651497590799 1.0001473459784123 0.9994220121095192 0 
1.0003959909209938 1.0008701794015535 1.0008560864903926 0.9995026731527218 0 
1.0018039367226024 0.9987414713709787 1.0000351345946734 1.0010784201125669 0 
1.0012593436053845 1.0016056264227282 0.9984561524064021 0.9999803780305985 0 
49.96709661638621 49.93196117634989 50.07995662395604 50.05695476779305 1 
50.02331746944646 49.90982601677655 50.06963399890279 49.94690289181329 1 
49.96659018700275 50.05271500778272 49.952938604735024 49.91017385901945 1 
50.09826950779258 49.90675505839064 49.944247742516666 50.067633861538226 1 
0.9989013834856719 0.9983361691442845 1.000929583704526 1.0014960030999804 0 
100.11238624463526 100.17139364209498 100.19959395242971 100.07806980292938 2 
0.9987608024343965 1.0017156050194067 1.000776067720247 0.998231093016181 0 
1.0000001419726563 1.0011804024607922 0.9987726346065672 0.9988006502872573 0 
50.00554652025435 50.09519216567226 50.04635009048405 49.981288238084865 1 
0.9990923195212297 1.0003787219913747 0.9997659333864868 0.9991012960986368 0 
0.9998162139278611 0.9980292427352406 1.0019704895017594 0.9997946681909454 0 
0.9984520847642211 0.9989030925545627 1.001748543663508 1.0011576200384802 0 
50.05275547791464 49.94046407864195 50.026744451650714 49.946756811581956 1 
49.986337743155325 50.090412155635775 49.96583541741306 49.9291642681261 1 
1.0010956493620133 1.0006472203245553 0.9991703744075618 0.9980807765946649 0 
50.047655425518116 50.002632235992884 50.00988032866977 49.90513048729251 1 
50.04186020079168 49.9892598843017 50.08105323238468 49.9353299305295 1 
50.044884475485816 50.09283742690268 49.961513563327394 50.04733361073434 1 
49.96292893837522 49.948008397690415 50.08351901336059 50.00243109357231 1 
1.0016081796295564 0.9986184638930908 1.0008852603259153 0.9993084290664153 0 
1.0010522310032266 0.9998441397539294 0.9983141992433681 1.001044741379082 0 
50.044160459340944 49.968898213747444 50.012974555546904 49.994721689231106 1 
100.14451596017255 100.13866970902411 99.86537851831977 100.06675851475802 2 
0.9986690294976374 1.0019491324059981 0.9989149579842653 1.001773274284138 0 
1.001585157196999 1.001054806456725 1.0006169882986602 0.9998033054922352 0 
49.9740993968587 49.97931079147006 50.08556506181962 50.08766851562499 1 
1.001353645015918 0.9998465083417787 1.0008794856014294 0.9984146067768368 0 
49.98922098445973 50.05492131325584 50.024454294981936 49.91940698247552 1 
0.9980013773079927 0.9995217256579668 1.0019936839200636 0.9997325624201945 0 
1.001004122177711 1.0003834207048026 0.9991727433427393 0.9983048649130456 0 
1.001731748132433 0.9987654350451841 0.9984474370888076 1.0012390404579508 0 
100.06811757148601 100.16573335230784 99.86632962986424 99.87729412665169 2 
49.9958475965945 49.93480982429672 49.915724122767564 50.017599946717674 1 
1.0017475302730074 1.0009014331660406 1.0014746588653363 1.0012227428912377 0 
100.16653508813788 100.18862754721623 100.12218188244383 100.0732704095086 2 
99.91973559708012 100.15037428916875 99.8989945026041 100.08559430380704 2 
49.962061955134764 49.95477249865096 49.920729391851786 49.95394313401988 1 
100.07770648195459 99.93297509455705 99.99130192138047 100.18418677819419 2 
100.12739009001344 100.16237261839309 99.9969078445961 99.90452711708102 2 
0.9996134154991295 0.9996241854379481 1.0009038611692802 0.999528781625619 0 
100.03430367368739 100.0744398478679 100.0650505562772 100.16497585040624 2 
99.93120354220862 99.98518514904413 100.0662476599685 99.82255029712641 2 
1.000258312338318 0.9986023640184054 1.0001732614236738 0.9995706072370115 0 
49.91876595754976 49.967426003175625 49.91206417516229 50.04089675205896 1 
0.9993913790782762 1.0014251214314678 0.9982706099202375 0.9981857663629364 0 
99.91587407464843 100.037517982017 99.80635607412093 99.97997473599956 2 
0.9986734642447515 0.9998151040253153 1.0002173710315567 1.0018984972900062 0 
1.0019260779003911 0.9990936066434598 1.0012243123687612 0.998125404689821 0 
99.99306420059342 99.90380344262205 100.14819639846716 99.80164664573621 2 
0.9992983578057432 1.0018073483912306 0.9987249679236038 1.000105505374267 0 
50.02769142937159 50.048771761588306 50.06760034977185 49.99583806175283 1 
50.00871907652128 50.065453309653925 49.97655318766027 49.98232853421015 1 
0.9980468889011687 0.998956417099741 1.000193025294469 1.0001473159342156 0 
99.88404936015522 99.85953117941202 100.02018234213362 99.89619710639404 2 
50.0821584820646 50.03523550587948 49.96221285463189 49.97282531679982 1 
0.9988080936541851 1.0012720150767183 1.0017377249768031 1.0004098364262806 0 
99.9000260670234 100.1020827326123 100.08345321768117 99.8482134653549 2 
99.8911214395089 100.0915929105511 99.9920115726986 99.97536635223571 2 
49.945156900842875 49.93312063307649 49.92958605167988 49.954010114254885 1 
0.9997709180365287 0.9984492544486392 0.9996296973329303 1.00181839501825 0 
99.93239334035074 100.17240476286746 99.81348266811447 100.04832629786836 2 
99.9349225241888 100.12582188718262 99.96704723312128 100.02643272401684 2 
49.90728562354875 50.09867347412345 50.01169476878106 49.912972970427916 1 
99.90164986725851 100.0506865252819 100.1475364972238 100.03779914352376 2 
0.9997822035319939 0.9986618177695592 1.0007655989972564 0.9991349762891328 0 
49.93904316138539 50.0246359392631 50.08097386549591 49.95137129551105 1 
49.92519046138319 49.96509924110222 49.94128637502093 49.94420761180519 1 
1.0013435211987824 1.0004920467786185 0.9985951486830423 0.9995379985149659 0 
100.04676590209216 99.86618272712914 99.97487836077727 100.09524553639787 2 
49.981586852313235 50.02595199427382 49.96164305005975 49.90873057915273 1 
49.97378948425007 50.021381248069886 50.05103478400793 49.938049502938014 1 
0.9988198549686781 1.0005838273318834 1.001826626158498 1.0018964537804331 0 
100.09203408637747 99.84418163197057 99.94273647694969 100.09990586034559 2 
49.981043329442265 49.92649275560938 50.02755447166568 50.022448574723214 1 
50.090746525546976 49.94770147065079 49.90450910929331 49.96937257121107 1 
0.9992324322368825 1.0012622976687442 1.001078340234103 0.9989929962318969 0 
49.90023129375179 49.90401018644591 50.05933951678235 49.934977431325386 1 
99.80916866231473 99.86893993560498 100.07039441175826 99.89712512448304 2 
0.9991383787014754 0.9991227894986122 0.9994135453585404 0.9994785940589491 0 
0.9996366393207117 0.99843401944095 1.0007853939927676 1.000443813380218 0 
99.9434470649495 100.01344789986733 99.8798587227372 99.8964407222461 2 
100.04854989824675 100.03439675438449 99.9989039777839 99.83406601192587 2 
99.92439182946724 99.94300788552943 100.11068357079351 100.10815830407944 2 
49.954761422811785 50.04659842490311 50.04995627848764 50.008969172760324 1 
100.01422587277595 99.86314772219436 99.9499770728528 99.85231348266035 2 
49.96036529593779 49.989827249045874 49.97549158941591 50.01643833700058 1 
49.91571348854302 49.944608741443176 50.0377160759874 49.96334417785656 1 
49.99385226010084 50.03379778915202 50.03308784909526 50.09148576135634 1 
1.0009121182097798 1.0014203132392903 0.9982532134875967 1.0001630977062819 0 
49.95552226773835 49.9868863017432 50.05223249210495 49.99108575700863 1 
100.16303670090154 99.83174570798005 100.03959481027297 100.13853516813603 2 
100.18048122857557 99.94433724692632 100.09545211819338 99.98010229685808 2 
100.06999318394092 100.11557303522568 99.97456416600323 100.14021361421017 2 
50.059201552320886 49.967101449297616 50.06582489219112 50.085224777786934 1 
100.1349304323477 100.01366772076128 99.92741042462075 100.18465821986227 2 
100.04864421633418 99.94703403670133 99.93161893611386 99.9796590356385 2 
100.04673923960611 100.19066550863835 100.19462767034378 100.19898128480897 2 
100.01887317958214 100.11034424195485 100.07052447097905 100.14419087723972 2 
0.9996704250919235 0.99911934468748 0.9989545948813046 1.00181851544338 0 
49.95426400304814 49.91476956949325 49.94956602807365 50.083073586165796 1 
