100.02988506272771 100.11410941513356 100.15280427303048 99.88180885471948 2 
0.9990224368185866 1.0003308570900336 0.998422161477324 0.9995917541709675 0 
0.9988421756497221 1.0001760494053635 1.0016495961242833 1.00081129990919 0 
99.88819384178284 100.0382376747941 100.04702001493595 99.83005266089631 2 
49.97418290565944 50.03282494794537 49.984342929279094 50.07711607834267 1 
49.97936471205957 49.98278044456998 49.903709770643225 49.959529000804956 1 
49.961089235343934 50.04937127231554 49.94031276054999 50.07954304457069 1 
49.96834511909263 50.028834594346364 50.081452582279226 50.03039702943095 1 
99.840292755205 100.14451102031104 100.08286988166891 100.11285085022524 2 
1.0003758021783435 1.0018382681123486 0.9993532788958416 0.9989663593956485 0 
1.0006637368130933 0.9995361206422324 0.9988021202009708 1.0014187394519467 0 
99.85647470975206 99.80749624938612 100.07485768311804 100.07954350091462 2 
100.14702478135112 99.8641482231603 99.81315975744928 99.86045374561613 2 
49.908202992185764 50.09267007067947 50.09600441322929 50.01884519085762 1 
50.0465096430541 49.95030259757873 50.02218764733397 50.00956076979054 1 
100.07691648480697 100.11293400579609 99.9783889030093 100.13310787209485 2 
0.9983434454806372 1.0014602527039684 1.0017120037037015 0.9980676582541967 0 
100.058932647171 100.16691489033673 99.8242377668103 99.87864283064278 2 
100.07480093411975 99.8892912697948 100.17243078521939 99.81320532348889 2 
49.94878611585167 49.97595312221065 50.058218304475595 50.067513316501966 1 
1.0011925932806731 0.9990974204548239 1.0017290177422358 1.0016691493887848 0 
49.96630828478235 50.067574496755434 49.932372092720584 49.97311780114261 1 
100.12283856555953 99.93926563287447 99.86025845003525 99.8035884153169 2 
50.05788435762204 50.0895991805187 50.09877081895829 49.920969451751716 1 
0.9996142220496559 0.998403727244676 0.9995654183789499 1.0004857661339537 0 
50.05870429612791 49.94864487863697 50.010199777210254 50.03949387405472 1 
100.09980674863954 99.92039078299696 99.9394746228653 100.00304375152646 2 
0.9996078249471015 0.998229647422798 1.001631722547572 0.9985049600031918 0 
50.033402434517214 50.093380843236524 50.05097215544615 49.952929808045695 1 
49.97740072748955 50.08375137571004 50.06046670201837 49.96257180361609 1 
50.08957056354306 49.904170119704666 49.925784946220176 49.96801886688399 1 
50.06061550175795 49.97943839961289 50.09453567042347 50.089251243271924 1 
50.04523789681266 49.91686713263077 50.03785280867374 49.92436987533867 1 
49.902335899031584 49.96390511714248 50.05145255995522 50.0573362187528 1 
50.029540883510535 49.94192363245014 50.04524800753766 50.04051832853597 1 
49.95552218917484 50.078022426457416 50.076962395625 49.93183833057636 1 
50.03469822517813 50.06564842413412 49.97049532809641 50.010305185412314 1 
50.057417489276865 50.062403522902024 49.924914632471285 50.05664879667763 1 
100.18462321615044 99.936047233055 100.14580495995531 100.17797011026214 2 
100.10964161969659 99.95298362014888 100.05061486211194 99.94969523146915 2 
0.9993414008553105 1.0004936930604678 1.0011424093011332 1.0006385469358234 0 
0.9998981529666711 0.9986408624001735 0.9989776121171454 0.9983108621299227 0 
50.03809991812713 50.04512615002403 49.90592846782765 50.00834917720322 1 
49.99269818468264 50.00525825210711 49.99815319400948 50.02539877623604 1 
49.94713286962844 49.92138809784248 49.976696513721414 50.015481816646684 1 
99.8435565033625 100.02351438379894 99.99569699344195 100.0216052977701 2 
0.999497637408557 1.0017353904282658 0.9990202127104358 0.9988384684627933 0 
0.9982814115498184 1.000710716005952 0.9981054431906146 1.0016446129726353 0 
100.18465969719001 99.80018365644965 99.85013142375065 100.06274938716874 2 
1.0013195566658548 1.0004784845136803 0.9996523700128629 1.0015377262008103 0 
49.96408607799604 50.04295102788023 50.02000654775334 50.06381532606764 1 
0.9998966905079061 1.0005895358718009 1.0004942600778033 1.0008331777602617 0 
50.0063041785642 50.00726151884052 49.96702842467905 50.049242469603534 1 
50.08782152638124 49.92462785992374 49.922341419956155 50.05084513390057 1 
0.9990881028522447 0.9993393690728184 1.0017234048434218 1.0004956541388892 0 
50.02913021973379 49.9454891677145 49.975535172688666 49.92873555661256 1 
99.96051520826633 100.04245783287497 99.85399287774854 100.16521904422865 2 
49.91226454741232 50.00297093471867 49.96408864882912 49.911804801086824 1 
99.82297151310954 99.85887186690069 99.93062340611273 99.94348294089723 2 
50.08027192305921 50.035723581561385 49.92066339667342 50.0819866960359 1 
49.991310126517 49.96123838179856 49.96487970033717 50.0087552604043 1 
99.89433507065714 99.9833384410487 99.9130850188621 99.91498355301397 2 
100.16274040808682 100.19750787454996 100.00652565894346 99.98150084626577 2 
1.0006163164821953 1.0019965610186383 0.9992533813293986 1.0009444041596358 0 
0.9998592722805492 0.9980374754828939 0.999744021814009 0.9997809692778198 0 
1.0000347998911439 1.0004931560970083 1.00195992783703 1.0003923288806857 0 
50.07682211084097 50.05096789239115 49.98831413032993 50.07981152153326 1 
0.9998145390090881 0.9999091388584214 1.0003370507754004 1.0006793836205863 0 
99.94384537443972 100.16576503506187 100.15068549532376 99.8391868967473 2 
49.9168732700666 50.03072328334895 50.06539221799032 50.02635646294453 1 
99.98392737671294 99.99967960376651 100.00049231752278 99.84185958111091 2 
100.06632945511126 100.19184703892223 99.94856123050165 100.17602220197361 2 
49.966854028584066 49.97507420517103 50.08626517929543 49.90727384480485 1 
100.0480133053949 100.16400318012593 99.99769872680743 100.10028169573879 2 
1.0003542113277706 0.9989302065886091 1.0015745859895384 1.0003901526316834 0 
99.9181912139732 99.82702620958246 100.16055120298863 100.19361536409299 2 
49.97430189964571 49.93364575959363 50.01075383649408 49.95533037620312 1 
49.9662636178284 50.0039961398083 50.04393140008339 50.073087303597696 1 
100.07227256256266 100.16253638750638 99.88742188439913 100.07848422216424 2 
100.0830982848669 99.97743445805136 100.1898646716552 100.0154838264007 2 
99.83477342850426 99.81270622127278 99.93997748112844 100.11746121660427 2 
0.9991687590317834 0.9982728493453933 1.0006885309951798 1.0015678119077989 0 
50.03010597768467 50.04041488083699 50.086968328384415 50.08452764380667 1 
50.0184550852943 49.95852223042487 49.91894887212119 49.99399912852511 1 
49.968059945129895 50.05180584380276 49.94031916420034 50.02656276216331 1 
100.0025098632303 100.12073502170323 100.14117233862714 99.95025190843424 2 
99.81202468618501 99.98666385568181 100.07163154846587 100.14030307980481 2 
99.9843994963109 99.87155985003224 99.86199821954794 100.10668060470974 2 
99.91792930920059 100.00781526351044 100.10901203353504 99.89987324722078 2 
0.9993932914264065 1.0018341481463353 1.000614557115915 1.0003999190667394 0 
0.9989958402833586 0.9995611694026595 0.9985427950548302 0.9997680524569368 0 
100.01611087817155 99.84820150263322 100.1031080357802 99.97749795763112 2 
0.9994537001001921 0.9996511780713414 1.0002549860647754 0.9987462419731655 0 
100.05920953701606 100.14362970168524 100.04391077369678 100.13328384103708 2 
100.1128729899332 100.10255678502016 100.15319414678076 100.04653188768373 2 
49.95257318930617 50.02595069701593 50.08301822989139 50.04211732638963 1 
0.9994368208942782 1.001569518904577 0.9986750345211175 1.0002915593826 0 
99.84663077888271 100.11025975510388 99.8061563267668 99.82612968893228 2 
100.0782317465105 99.95380162961168 99.83938579184077 100.0957778938369 2 
0.9986459896334736 0.9980920532468045 1.0011622867639842 0.9998837257730804 0 
49.998142365363094 50.05735385335951 49.935282740080254 50.087942878311 1 
1.0000766238676548 0.9982991729402092 0.9992153306306647 1.0003552529577147 0 
0.9985236047950918 1.0009503374318138 0.9999410981392595 0.9986251925930753 0 
100.1809994913829 100.15488684750633 99.88641475862305 99.90235305443458 2 
49.916574054435976 50.017773909643196 49.997658186577375 49.93344573806835 1 
99.88393342788193 100.19810409060871 100.03243731909205 99.8246384490679 2 
99.85587831604788 100.0017792459348 100.0446836626269 100.05170135100973 2 
100.02709359098596 100.19818103135263 100.07423763022415 99.89322378749131 2 
1.001104927497862 1.0002932145392516 1.0012815943410187 0.9996268637098032 0 
49.91984499843512 49.97493569036209 49.99310959310023 49.95898106981284 1 
99.8635358752608 100.12503296577407 99.86439192263035 99.83367973290989 2 
49.901850350920974 50.022216438218386 49.91288777256782 50.065135398792734 1 
49.971336328960305 49.94709270181616 49.90027592223905 50.062164130668286 1 
99.96237818856844 100.0925834737026 100.08511775016807 99.91048933446575 2 
100.15893764144134 99.86869831344565 100.18675527087771 100.00941975508906 2 
49.92345754987002 50.037922821851396 50.067309902191454 49.939591453077966 1 
0.9985441736339706 0.9988066934488964 0.9989721159692633 0.999058230011649 0 
0.9985483013883377 0.9983361144447194 1.0003795432028566 1.0004597424283 0 
49.90823445685617 49.97310736145225 50.06667177436312 49.91181122218641 1 
1.0019081318798047 1.0012679751860325 1.0012548863943838 0.999415715141351 0 
99.84138837805952 99.93120280812593 99.93240876846744 99.8605822133656 2 
50.06730248715662 49.995806356883826 49.97220280884103 50.006352263503885 1 
50.02141224950763 49.90621391625631 50.069783087506174 50.08716633783044 1 
99.90774241300218 99.8396050279977 100.08074928261493 99.93748411278679 2 
0.998966814451986 0.9981505224742578 1.0003272544711443 1.0001528008520302 0 
0.9997577617410043 0.9996310711657941 0.999197803946788 1.000420741428891 0 
49.962701820278554 49.97390825614349 50.01094937395873 50.073173530355305 1 
1.0009285138438133 0.998271229857979 1.001698313950533 1.001079021220232 0 
99.99859053273524 100.10490263102858 100.10275449580304 100.10063021561226 2 
1.0010914054967537 1.000935575681047 0.9981533975802455 0.999935341099489 0 
1.0007881603685769 1.0008593330622493 1.0009931372277534 1.000502588442696 0 
99.83740950113076 100.14127594624436 99.98954472536057 100.06346622809443 2 
49.91794078210817 50.03448695752733 49.99573594012259 49.9220510897325 1 
1.0011906882695587 1.0010904106072072 1.0014719608041176 1.0003133543763274 0 
100.0342153313763 100.0217792012751 99.82192285387428 99.93722228345774 2 
99.9799713316244 100.11038495832712 100.1663511653234 99.86601471321079 2 
99.87473357325014 100.00301760246136 99.92948340237332 100.02531514972802 2 
49.98733285576913 49.94545765367774 50.025417482720435 49.99987522706944 1 
99.83931340153784 99.97400442019432 100.03344793934951 100.02084545162366 2 
50.05153025133603 49.9941984677393 49.996219423487176 49.9973401832275 1 
50.045854875878845 50.011694992968 49.9013392447789 50.0517409695042 1 
49.95097866122769 49.99947495658408 50.01546441911923 49.907510734289104 1 
0.9980893012398839 1.0009687722448284 0.9986617224501202 0.998811344472257 0 
49.932402570302315 49.96321266573599 49.935259892590615 50.05122333969158 1 
100.03722297647212 99.91502881173855 99.92017013614856 99.90756966933307 2 
1.000411032912719 1.0009470518416868 0.9985097230048402 1.000044870167043 0 
99.91293522813139 100.00152192266222 100.13378770178026 100.15812337714229 2 
49.96651075229438 49.94211233984047 50.039865259532014 50.00063097559388 1 
50.07604766149517 49.994986047424646 49.94823220594896 50.056365421892714 1 
50.0862420483635 50.070044460025755 50.01576567302309 50.03890760160215 1 
50.036858827839026 50.03647372395724 50.030462215749466 50.07555200443149 1 
1.0008841086341076 0.9982932466453632 0.9993741891164989 0.9986734545507893 0 
49.96825526416629 50.02016224198245 49.93495385661639 49.95884412546473 1 
1.0017860779937873 0.998266608249421 1.0002524007521136 0.998962459324715 0 
49.935686703643036 50.044149828364894 50.04937236413419 49.9298601809175 1 
99.88379043289183 100.10888376190674 99.88943666404951 100.1267300534684 2 
1.0015128232282013 0.9991531468980502 1.0009234802338494 1.000538044628192 0 
0.9988260218774527 1.0010410350528292 1.0004401511052032 0.9994715096630129 0 
50.07758988711355 49.99959293163896 49.92427100809371 50.063156808866914 1 
1.001776171690146 1.001809061180812 0.9983712963136118 0.9988756611349843 0 
100.16355468772191 100.0494683576437 99.85749292335058 99.90765902022494 2 
50.042840681408066 50.08825904006591 50.00452633510155 49.97265410640518 1 
49.95458978273781 49.96287281533767 50.09552864845926 49.970989790281834 1 
99.98991830055861 100.1954918725019 100.10810937731353 99.83472118853891 2 
49.96096166996527 50.06968027502576 49.99747621927035 50.05461514591545 1 
49.914183028462034 50.01546818217638 49.97691961723778 49.917132486514525 1 
99.91433940273492 99.94023162987753 100.16811705790836 99.83363081787307 2 
99.92196344756665 99.81943801283008 99.86393450910194 100.06216360560461 2 
100.0381012589772 100.01833650333307 99.85109505697645 99.93641980133346 2 
1.0002209349006004 1.0002320579818937 1.001707296893062 1.0001895572529935 0 
100.01711238623412 99.91082568473038 100.18973931967405 99.88228830565099 2 
0.9996440106709035 0.9981083277833037 1.000114884284018 1.000804668486548 0 
0.9983816905033981 1.0000713649903759 0.9986144847815586 1.0005767230246458 0 
49.91088798580281 49.92498102403976 49.9632157535958 50.0504747717772 1 
99.90967588640649 99.95671523246737 99.85355662491332 99.82915610991493 2 
50.08037975279553 49.99788749671381 50.062476642599094 49.9973599675804 1 
100.16807048491391 99.9963567639679 100.07783423931086 100.05846987600829 2 
1.0004448700503439 0.999918261464732 1.0004110266583108 1.0000915480325345 0 
1.0005907129167364 0.9994334201602294 1.0010788976224034 1.001059341049177 0 
100.02326851541092 100.11606039393988 100.18086889527585 99.87433559430842 2 
49.923997369167786 49.936944430012694 50.05483454352419 49.9807107342552 1 
99.95321371119877 99.80398606580613 100.01995301405275 99.94247481712317 2 
99.971381100041 99.81681016747532 99.8518721898205 100.19884393843532 2 
99.99771638872647 100.00153747602474 99.81735434020815 99.90044916554986 2 
1.0003196635711311 0.9986387603400351 1.0017141611351954 1.0013763639723205 0 
100.15840948484409 100.06298385887703 99.88675331346558 100.14081534054802 2 
50.044247609091215 50.009775244580304 49.972368521578105 50.04006163798684 1 
50.092531395078744 50.052405537186154 50.0193913826043 49.903177667774415 1 
100.09443220862718 99.83055629924695 99.81089092254366 100.1258695669743 2 
99.92237772046344 100.10766621999052 99.88326730554341 99.91805254084494 2 
99.9523943646378 99.96238271144036 99.96287953606452 100.16747386479547 2 
99.91270080711944 99.93596247953825 99.88219201836074 99.8111381955278 2 
50.054436047374054 49.92728485173414 49.98587910545762 49.9329664994407 1 
99.95604503446559 99.90844282869017 100.07374431770582 100.08518193964858 2 
99.97670818478802 100.144195286201 99.98807526833617 100.16563139280666 2 
49.99162628842365 49.957950988561926 50.02319075706765 49.90672772575601 1 
1.0019543041441987 1.0010604345348686 0.9998263470587793 0.998903154602986 0 
49.92301761560619 50.038354731046034 50.00332024175503 49.947237875319004 1 
1.0010182915906884 0.9991715509783423 1.001925308382424 0.9991132437738685 0 
99.88809485015899 100.16630996703249 100.00698659159853 99.9760820372038 2 
49.95345929242644 50.073239767242384 50.023006105609475 50.03044687333396 1 
0.9993779244833003 1.0017646495500088 0.9987408611825879 1.0008241160740625 0 
100.0912708233329 99.88658726110029 99.87022460405099 100.00392237441501 2 
100.13688402375954 100.06870381661258 100.09112736124543 99.96967805964873 2 
0.9982923920404877 0.999323303723491 1.0013444899675479 0.9980499155385969 0 
100.1316660017202 100.05662554094528 100.11354209859546 100.10591819173547 2 
49.94609512099047 50.04090312705771 49.98352653885629 49.93259151652333 1 
0.9990931979599694 1.0008351787322454 1.0003517523650545 0.9996480181441977 0 
100.10592086730993 100.03121254249018 99.9679140526387 99.80725469882687 2 
1.0014702240878128 1.0000343820876676 1.0013025316147828 0.9984455503680045 0 
0.9990271357734142 0.9994062841406041 1.0013859817193098 1.0012942511561176 0 
0.9990928943104178 1.0010778988782547 1.000715765612581 0.9980477737798036 0 
1.0005281707263027 0.9997826570462326 0.9983249043940402 1.000843840920614 0 
49.992118352654096 49.939076654146234 50.03157241474973 50.07510155849981 1 
1.0010474954560658 0.9983305537533986 0.9987514081884614 1.000413561108861 0 
1.001001660248902 1.0017951164778274 0.9995393974511846 1.0005984713138663 0 
49.99779463989953 49.97247860012204 49.95277297115956 49.90419117504412 1 
99.93400789081363 100.00903535472162 100.12363117531208 99.88871530476452 2 
1.0002788953884747 0.9980631014684028 1.000033677230832 1.000882750359296 0 
1.0011072412454454 1.0013878631651847 1.0002314858777623 1.0018310170796811 0 
0.999117879493246 0.9988907489315946 1.0001465801299116 1.000262745467957 0 
50.02137701722674 50.03309290668192 50.04228142789844 50.06163878871223 1 
1.00109149138069 0.9982571723014455 0.9992956550247517 1.0004206090650842 0 
0.9991950781197672 1.0008900912815266 0.9994154182319207 1.0001473610400722 0 
50.054879762146854 49.91592686145849 49.97620317498828 50.03584913222237 1 
50.09923340333371 50.04499844886448 49.93816746909479 49.947103625720295 1 
99.93631943427093 99.8603419684589 100.0857040294139 99.8644254328539 2 
50.02699290375792 50.01755886268199 50.04208278027717 50.06723701761149 1 
1.0001126705145647 0.998216453066753 0.9982155041626841 0.998332908097032 0 
50.0782447210612 49.963217813722025 49.929272655139435 49.95652129883202 1 
100.13664881125275 100.03049672340379 99.91745402915372 99.84491777566693 2 
0.999771004562011 0.9995415578874235 1.001726098051539 0.9980841052910361 0 
50.046727932058154 50.06590805072291 49.94576297787643 49.918245987224765 1 
49.93002397212103 49.925822573679866 49.98145881178417 49.92734517820762 1 
49.939615606606424 49.976896928787184 50.02368493895958 50.0710050433097 1 
49.96149564746294 49.96175209819121 49.948811427467426 49.99876544223664 1 
0.9993987345342603 1.0017238876240004 1.0010237806737465 1.0015657007263632 0 
50.061510222694295 49.90481978817522 49.97621609085234 50.031884427556705 1 
49.95765567030937 49.91445718150239 50.00985191236874 50.029470461573304 1 
99.88211588380038 99.94197242036408 99.85419694775307 100.08762613253579 2 
0.9999472565717286 0.9998160103146455 1.0006363742807054 0.9996211210965608 0 
0.9982508230636862 1.0003020516118954 0.9989838671551835 1.0012380701739287 0 
1.0004956877071196 1.0005626167715076 0.9998592242229353 1.0004313463984364 0 
100.1292898604937 100.16836746382256 100.1769550465392 100.06276683809314 2 
100.06905929237173 99.8651454192191 99.81622167255613 100.07153402667207 2 
0.9998668614199686 1.0006757050711983 1.0011974915253874 0.9986732088824692 0 
1.0010727871281548 0.9988379446948361 1.000996195699207 0.9988661798080443 0 
50.04904105519969 49.92834240690847 50.03052119863912 50.06565443233422 1 
49.93188102004383 50.07287055738842 50.04192425292405 50.06384587836473 1 
100.01988170875825 100.13374481730143 100.16877948928179 99.90580416418821 2 
49.972978778716424 49.94479277211524 49.96535810487143 49.915244265634506 1 
49.97807785865455 49.91395036690772 50.031160332810465 50.06484260791887 1 
1.0019363682511557 0.9994996868280395 1.001376228791077 1.0007868088283565 0 
99.82879730722736 100.1785399838788 100.18192603696093 100.1312925786457 2 
99.90054128383406 100.02185852125956 100.07974676130677 99.86250227235523 2 
49.95558528462054 50.02028819494401 49.930442306038664 49.934317636219006 1 
0.9987038099030154 0.9996053046968578 0.9984913857532456 0.9987748387327202 0 
0.9988848782390161 1.001982415939825 0.99998674306847 0.9983960055613644 0 
1.0019575607428268 1.0014413868316576 1.0004529239850046 0.9980046318006828 0 
50.079549127557364 50.0931228899257 50.09592341120052 49.9462617099801 1 
100.02791551697972 99.91580217297461 99.97014595402949 99.86072272995222 2 
1.0013576696302924 0.9988842238768281 1.001774484639039 0.9990834053936845 0 
100.15419241247228 100.1148101474182 99.83192682739312 100.13298467162276 2 
50.06610170028362 50.03031229858584 50.04567612147542 50.024580321532376 1 
1.001592925508978 0.9994394079860063 0.9996034343148348 1.0008041944287718 0 
1.0018585137374747 0.9998685842753466 0.9986370719527266 1.00045237349217 0 
100.159900251834 99.9910346492971 100.08232906461974 99.90897031174511 2 
100.04238573793103 99.8829565963844 99.8411864343265 99.95067059218985 2 
0.9991398572988368 0.9988914811845082 0.999187723545979 0.9988700998560194 0 
1.0000801678695879 1.0010869380474672 1.000376935204571 0.9990706414331875 0 
50.057249998292136 49.998904041067036 50.09987287110168 49.9427779354821 1 
0.9992722494435127 1.0018417171030012 1.001475215367655 1.0004575672780602 0 
50.00489164373841 50.05211051907666 50.01990342595018 50.001234999354025 1 
99.95198057241984 99.94281550572043 100.08283178739116 100.01531073999578 2 
1.0005588563493357 0.9995739044247749 1.0017066313971144 0.9998624262976838 0 
50.05758473947114 49.958821046538866 50.04650635848275 49.95334310576814 1 
100.04221293292322 99.94908512412576 100.07181695993154 99.8494203740189 2 
1.0002244544380268 1.000247583464231 1.0013034930589138 1.0019991275422684 0 
100.08568118357796 99.8937664433619 99.91427952666797 99.88821884343174 2 
99.91325828321071 100.15569574199489 100.020146607574 100.02307755147187 2 
50.07556210136029 49.977030127020626 50.022735595715034 49.95994762949836 1 
0.9985260793279963 1.001409766540444 1.0004576024915592 1.0003324923413763 0 
100.0268931382958 100.00618251732011 100.08939272653832 100.03244083533001 2 
1.0011283066680399 1.0019075811992773 0.9994667382087328 1.0004240254687478 0 
0.999803903185325 1.0002604894441531 1.0001663627814072 0.9994245582043827 0 
100.1354488774448 99.88766152805682 99.8491455271372 99.96716965404202 2 
100.0419616531058 100.06121722260811 99.88841793429435 100.00717171942938 2 
50.025428071204715 50.05688467443658 49.9774537633446 50.02199458496172 1 
1.0016681184225447 1.0000469965514776 0.9983695657232566 1.001347973060782 0 
100.12511608052137 100.15379857041957 100.11929536506518 100.15394534346828 2 
0.9999250383849232 0.998838120932938 1.0016650063048957 0.9980074201762775 0 
50.05631633489514 49.99810310133395 50.02863944123916 50.090775720881545 1 
100.11384386952197 100.00328564930787 100.09925105412044 100.07768793265973 2 
1.0005433807363748 1.0001864353661947 0.9982393174550586 0.9997858402888536 0 
0.9990568220473827 0.9990024689892425 0.9988224396714227 1.0016328476587824 0 
49.99977170090393 49.97536105786131 50.00933284832626 50.0335463088495 1 
100.0307043805196 100.09796349690426 99.83569247570071 99.94641825098458 2 
99.9290259930545 100.02707617899874 99.82547635719547 99.8672303951261 2 
50.0469012968614 49.99712090553421 50.0732295009233 49.99130148508414 1 
49.95628635230054 49.99999729056443 50.0317972656755 49.957544489192024 1 
50.07147368065149 50.01173806245482 49.930620801206096 50.066937417727125 1 
50.08375563708911 50.09717927994424 49.943754743203264 50.05978073917963 1 
99.8517124629827 100.04611788668439 99.8834132158639 99.93669191766396 2 
1.0008071443677764 0.9983463782043842 0.9985345237568318 1.0016828463923324 0 
50.05578933106262 49.96465286343832 50.00000173435844 49.953729649789416 1 
1.001967552208149 0.9993806343116143 0.9980113653766636 1.001411526773009 0 
99.97951544826596 99.90881861730426 99.9457350246463 100.08728564334399 2 
100.07618678930422 99.95901874031779 99.92694798173021 100.0800673756394 2 
49.941142949122224 49.94140319898737 50.007719030654464 50.016003125795045 1 
100.12846975522366 100.19022088729517 100.16021876914354 100.05460894270415 2 
0.999586990042273 0.9982920392913803 1.0017174766931471 1.0019826868870811 0 
0.9999455813125787 0.9981460907331378 1.0018439088137938 0.9994307744246513 0 
49.915291144586725 49.94086228206621 50.01582799848582 49.981536329532766 1 
1.0002774325562058 1.001734347275854 0.9996992628148412 0.9998325003990352 0 
100.15548529376456 99.96009380069493 99.8148635554219 99.85579576563079 2 
1.001645938332299 0.9989338692808524 0.9991501326906475 0.9983643574210387 0 
1.001645102625191 0.9992497119265665 0.9994736241154195 1.0015970132857248 0 
50.0298855199744 49.973246912174005 50.08948236060616 50.08101527416442 1 
1.0004686588206795 0.9990520543332909 0.998943840725901 1.001454646522427 0 
100.09939048268153 99.87308047489829 100.00323185861537 99.99823777307404 2 
99.95540334120216 100.0668278769569 100.01879574554053 99.97620686957576 2 
100.15932209510134 100.08072640589135 100.04425848703931 99.90414194780199 2 
1.000274794565499 1.0003848916138134 0.9995916219033768 0.9989575359486044 0 
0.9993210001715761 1.001105389702764 1.001063829748874 1.0012132151499507 0 
0.9988919502013401 1.000690043834224 1.0005129488490885 0.9992475765295765 0 
0.9991388385284256 1.0013604772987768 0.9992675594230183 0.9980318354075675 0 
49.95513682623014 49.93488640449875 50.08556188476878 50.07328080948451 1 
1.0005299270841037 0.9990508940081108 1.0017942503292017 1.0012235800375802 0 
50.00101611124324 50.00416840492124 49.91061567550875 49.94739305584418 1 
0.9982766553110747 0.9981524141195691 1.0017657961572117 0.99929860087913 0 
49.97807369120061 49.94604319519741 50.081305952180216 49.98385031730661 1 
99.9334749597663 100.17187556984706 100.18764081534124 99.83285396068152 2 
49.984665266399396 50.0535580825631 50.016426827043006 50.05432989247175 1 
50.087086312345555 49.95013175076819 50.033693791991254 49.97852838860106 1 
100.10547241777427 99.8491764886186 99.90419390992582 100.08967830074549 2 
50.08965684920806 50.03366947318426 49.94988248143024 49.98237968135254 1 
1.0015051721582007 0.9991448510555525 1.000400204079103 0.999430240047551 0 
49.975313131715694 50.01290768271023 49.96996314218397 49.98707222411351 1 
50.01550482311081 50.020805845507546 50.058516120965436 50.03371236456027 1 
99.97433421830127 99.94580566255895 99.86526335441708 100.17103832567393 2 
49.93409545220894 49.96490748797057 50.02805390846384 50.0238535221935 1 
49.94189002840045 50.01229648844551 49.95811512299068 50.03241712004679 1 
50.01746901580812 50.09132068296475 49.913178890497676 49.96185831693762 1 
1.0019141909190212 1.0009149171861205 0.9981004549267203 1.0016550702721905 0 
1.0005469286533735 1.0019349912392055 0.9985421240130598 1.0013353146500352 0 
1.001725987426354 0.9995474333344162 0.9996310980354648 1.0012453836877346 0 
50.063626933682364 49.98831240026195 50.01369964399149 50.05184866504561 1 
100.13795738240879 99.8406711296914 99.82978398298172 99.80912167765085 2 
99.80263127403732 100.14035945865763 99.84395364216351 100.00708630894314 2 
1.0014184145403737 0.9986979003112056 0.9995714283709836 0.9989544019272919 0 
0.9984234655104864 0.9981412785768591 0.9988846960949521 0.9986814512338336 0 
0.9990699137307126 1.0004794804759327 1.0019535777973325 0.9992775437919419 0 
1.0008991017954976 0.9986835962214505 1.001642455860448 1.0012756854053904 0 
100.17106915584762 99.97909272585647 99.9737085921953 99.86741332179595 2 
1.0014358309354539 0.9991434193585089 0.9988998129004286 0.9988346817639314 0 
99.8033103504753 100.0861841132617 100.14997111578118 100.09185963714835 2 
0.9981806275569631 0.9984741514341425 1.0017017287587857 1.0002877736830431 0 
49.97213410712353 50.035444816936895 49.95326174508463 49.96696256954908 1 
99.82219135278385 100.15500653428454 100.03022481023062 100.18352659931337 2 
1.0004303117947968 0.9995450109624102 0.9991979679505193 0.9986950594656832 0 
49.9988342919788 50.05553296439052 50.081003441851045 50.01450919510675 1 
49.9781466249913 50.0965689092938 50.03976553314292 49.9675562672954 1 
100.1295613971585 100.11582146156532 99.87906568425204 100.1414723837171 2 
1.0016832364221973 0.9993868149376425 1.0007161954069845 0.9984148372466229 0 
49.97533669173159 49.99742898014894 49.96867700500459 50.07679491953403 1 
99.84553243702138 99.97243224849551 99.9200603072895 100.0488057653217 2 
0.9998685882837538 1.0007477288738227 1.0016759178726597 1.0002563053879816 0 
50.04123561419716 49.912230720054495 49.99061745384048 50.0971875495635 1 
99.86762264444461 99.81386408802733 99.91459989723026 100.0568289330241 2 
99.90863421869975 100.12190181828495 99.94736742707562 100.16406939310309 2 
0.9984779200461837 1.0013667649539224 0.9984561297964178 0.9985144716369825 0 
99.96257269097477 100.19838148494271 99.88061650055734 100.01021224790661 2 
1.0016208881770434 0.9991822332104405 1.001518934685701 0.999208083532848 0 
1.0000861812250543 0.9989270265697839 1.0008422409070163 0.9980365527817525 0 
99.89336853088864 99.95939095639294 100.0508713550392 99.90387169977642 2 
0.9989638863488006 1.001813357061687 1.0012519118396777 0.9991885450782934 0 
99.92228282914117 99.88618229797127 100.15271673355178 100.16201648596987 2 
50.02639449387779 50.090718853456224 49.91521737170394 49.92332828460762 1 
50.02086031334518 50.04576843835573 50.059164814330174 50.02715950980795 1 
99.97231115897847 100.08328369407194 100.10937969981217 99.98224238577677 2 
99.89022377290713 100.16794735237795 99.97577920677588 99.94114405587167 2 
49.92332849643793 50.00529707006188 49.91118773317702 49.90927951156327 1 
0.9980860150577808 1.0014239430696277 1.001723359840065 1.0009022554934712 0 
100.19188306355603 100.13874342437008 100.00536779385108 100.05723180062634 2 
1.0003880789931063 1.0001748788892644 1.0013926165872087 1.0010544095369334 0 
0.9982349822642715 1.0013667283561776 0.9980592503911261 0.9993016206327553 0 
99.98139255138769 99.87988768556254 99.9593338065272 99.810739227869 2 
99.84839898786802 99.95562886943382 100.08314894892644 99.91840030911352 2 
1.0002107560485647 1.0014041308068031 0.9987040569355714 0.9982683253838753 0 
49.926371969448915 49.9589618720769 49.99124880283328 50.02506765943652 1 
1.0006815533639997 1.0014329374624635 1.0009620114240427 1.0017998946944275 0 
0.9996432727453154 0.9987983765496878 1.0018397650047755 1.0015048412441903 0 
99.84383851421434 99.80223673901304 100.17619993673911 100.04532920623525 2 
100.05964702127298 99.9274742035166 100.0620972484035 99.97683972820708 2 
0.9996980805461124 0.9980104623812508 0.9986223701327948 0.9997818480590208 0 
50.08327995135957 50.0857585319153 50.03071991805001 49.97312788783947 1 
99.85506953645493 99.8956619448767 99.89576653324183 100.11646542239579 2 
50.04265358709002 50.034674230771486 50.02006201207447 49.990148888017565 1 
1.001021027323864 1.0011035357878055 1.0019437282190342 1.001477441639934 0 
1.0016008099224847 0.9986601381673347 0.9997267992084793 1.0010909481225523 0 
49.91658684789646 50.045357285136 49.990500380912096 49.94145476229536 1 
99.82480992316053 100.06105103076617 99.90113773650599 100.0997193048214 2 
100.04620685410738 100.01393403536463 99.83073132611891 100.18754021713555 2 
49.96672280543285 50.047116822266545 50.00374107786014 50.05688168218435 1 
100.08773410707693 100.10610953587242 100.02378569747006 100.1737106400151 2 
0.999732434946589 0.9987692505181678 0.9990772045231825 0.9983047419528603 0 
0.9994878226269527 0.9991473720554356 0.9992481288381303 0.9980197275774761 0 
50.07270375286298 49.93942879572768 49.989648994580094 49.92613920602798 1 
50.00969801073923 50.039676349822685 50.083337661320876 50.04176010432723 1 
0.9993293859701669 0.99891192569447 1.0005727928540789 1.0009052196273212 0 
100.0866467444195 99.8795089802245 100.15547284431896 100.16320838938273 2 
49.98321612816822 49.93736852649635 50.0782113178511 50.025641382079016 1 
99.84195742838037 99.81690625623784 100.15118141922213 99.91395488471174 2 
49.94036883698099 50.07101167835047 49.974563291186605 49.92393570154172 1 
50.0072726641577 49.941181543628424 50.04683046410347 50.08912502290011 1 
1.0008517822817427 0.9980646284671406 0.9986696185714968 1.0008625046334887 0 
49.97526813646204 50.00503596653873 49.96508567311959 50.04117841567892 1 
50.064294054841604 49.978990756550374 49.90534920776048 50.00442228079707 1 
49.93103950416633 50.06802035155851 50.044878956928585 49.92654912106957 1 
49.953915584115265 49.90475980365907 49.92291772225534 50.0711972978045 1 
100.06448254795126 100.05135840443751 99.91854581460188 99.89532065681044 2 
1.001716879172098 1.0007020408611844 1.0018511467115647 0.9982728843627098 0 
0.9984300864473554 0.9993032077809796 1.0015074248463443 0.9988501757618798 0 
99.82008466347357 99.9735763881802 100.13041358924173 99.802859217951 2 
50.07479423072198 49.98585125276744 49.949334680034575 49.90084843268048 1 
99.91424473368014 100.00446691553206 99.95759924823986 100.07177053587397 2 
1.001218413823753 1.0011536061211692 0.9981944146815085 1.0006816114294395 0 
50.04263928107014 49.909415254564294 50.084798147449455 50.0045255081334 1 
0.9992745805477055 0.9992176066588024 0.9990839919140367 0.9992797101626767 0 
100.12984038213335 100.06521707668094 100.00835076928762 100.06201181620735 2 
100.14585654252946 100.09008703383799 100.19457344972017 100.13623821355984 2 
100.11383211276474 100.07152201294694 100.17744755621048 100.16609333447934 2 
50.09631203841276 50.000832286734365 49.964699306572705 50.05386928411012 1 
1.0009235919392963 0.9984772771595307 0.9987728897465676 0.9980680210301686 0 
1.0017311985959856 0.9989553650298292 1.0007686121612465 0.9983734038644984 0 
0.9985791413322427 0.9988321447747395 1.0006753196492042 0.9983893694305572 0 
1.0001858460685382 1.000767712998683 1.0006899932823887 0.9986947460354975 0 
50.05496070150089 49.99361522670528 49.955968450759066 49.966380920981415 1 
100.19814337050576 99.83876421287887 100.00371077969518 99.89459478393067 2 
49.95468418760852 50.022826371907506 49.915242582835035 49.957322788303344 1 
0.9993878959806606 0.999850247921705 0.9985096327225101 1.0018607960852135 0 
100.04749818198992 100.00423379743992 100.162871927059 99.91394869612525 2 
49.91467239613004 49.964433478098314 49.98665310642848 49.97539016791824 1 
100.12083798060095 99.93753358112602 100.11546322229334 99.98374190736114 2 
100.14094390925253 99.84525686185648 100.16564160998925 99.81161361110884 2 
0.9988052762945275 1.0007867965042352 1.001480594567316 0.998899785369585 0 
49.922728782837815 49.97762572997583 49.99860750150191 49.93786832096863 1 
50.05891937608284 50.03938801183264 49.947808456992114 49.92267241556971 1 
99.98876707867215 99.89893451245321 100.08673923356321 100.13164388138274 2 
100.0675836916432 99.93597148498993 99.80345602514515 100.18559531971984 2 
99.86947335970264 100.0036652377477 100.18583601777495 100.19012324614577 2 
1.001614250212591 0.9981229568084746 1.0001051969396872 0.9992357724951547 0 
100.08064732083261 99.97591134810182 100.1804085919775 100.0308971765025 2 
0.9996148367532961 0.9992382916611935 0.9983099993018592 1.001150299807424 0 
0.9989123781823234 1.0005776608239254 0.9983572958979734 1.0018929545891129 0 
49.90711183074548 49.92203849916666 50.01290696886178 49.97989440759565 1 
0.9996463114893697 1.0010110246704542 1.001852455419129 0.9997897235014772 0 
99.94221946250771 100.1073087105026 99.87810554929243 100.11234203898543 2 
99.84308252781724 100.05223635628967 99.82850943040856 99.9020011566715 2 
0.9986327449176466 1.0001377497608464 0.9989053299250115 1.0002380760891492 0 
100.0741908888348 99.89189565593688 100.17359745110078 100.03993383648326 2 
0.9991332564026423 0.9998264910364344 1.0006817593614146 0.9988961655687576 0 
0.9999901849655537 0.999906652744331 1.00154613687701 1.0010291940912435 0 
49.98103412818135 49.913324381502804 49.960119851353184 50.03691136541756 1 
100.1058145204301 99.83789101731928 100.08004089178857 99.87231728311835 2 
99.99155689595038 100.13230201858431 99.87823277618563 100.08763227749802 2 
49.91479678600119 50.06659795351865 49.959387734006306 49.907058801081135 1 
49.9796423425976 49.90538612983671 50.04037555641081 49.95435321961843 1 
99.96462851542891 99.86090793801971 100.01328312139606 100.06446768709316 2 
50.00393483001803 50.07084539327285 50.05858320376896 49.9140447891058 1 
50.01777459078011 50.06067475517341 49.968297072841494 49.9234481587021 1 
50.07215466802936 50.05698613817037 50.01003867282295 49.96025712371923 1 
50.00169091883312 49.988266484194156 50.030967035787334 49.97675527802092 1 
1.0011402978803814 1.0019855805169784 0.9992635392463377 1.0005638543488287 0 
50.098554819744166 49.99197881917058 49.978068854119414 49.99943805378006 1 
49.9951585672769 49.91581527716749 50.0839415265431 49.997021215804125 1 
100.16978599301666 100.14455588335109 99.82868019141874 99.95031375887329 2 
49.9270112633118 50.02089775884148 49.983749473500204 50.00475025159802 1 
1.0002527255102014 0.99877784088702 0.9989421997849044 0.9996822294494412 0 
0.9987941902362388 1.0007629125647606 1.0008562654545474 1.000804341187754 0 
0.9998049879851122 1.0003734825895736 0.9980022772130451 0.9981004080228757 0 
1.001503706423506 1.001017892221578 1.0011326064541541 0.9980925178571649 0 
99.8213841218009 99.96840389544856 100.02526618261786 100.00191981849864 2 
50.09727147515286 49.990850554640595 50.02936367816262 50.04965908628741 1 
99.84311001492152 100.13626965857625 99.84438243917954 100.10906472535176 2 
49.948037509423315 49.92373275779477 49.95229625906743 49.90244129110079 1 
0.9992856030913828 0.9990132471009977 0.9981511615349575 1.0015820453902915 0 
0.9980574392009356 0.9984014546156809 1.0012580509406097 1.0016625454547425 0 
49.960510156780174 49.980788024333734 49.90086173862143 49.94777219208506 1 
99.97912116802928 100.0986486578993 99.99832631244657 100.17997766869826 2 
100.02106162645718 100.19048967932501 100.01391893414564 100.00204440342968 2 
0.998193631029204 0.999505001989327 0.9991268912139205 0.9999969044989698 0 
50.063592358273674 49.937699040817336 50.019044306627606 50.00367562301379 1 
0.9988854437055198 1.0001137162228173 1.0018228591686855 1.0007373901921548 0 
99.80065287587038 100.16305234630178 99.84806274107589 99.82558114757754 2 
0.9981192647943322 0.999926979645535 1.0009374543453302 0.9998589592073256 0 
100.14929123795 100.14982152122221 100.14173639762525 99.86236005855547 2 
49.999359738195224 49.918608945104744 49.932318385207886 49.93793405666117 1 
100.05668333571805 100.08437312021739 100.15576093470685 100.02502456208293 2 
49.96039025759445 49.98091030461517 49.94461212753266 50.03408601373335 1 
1.0003866842530658 1.0015834550885545 0.9992030031896961 1.0002323786801555 0 
0.9985575104724277 1.001959236832087 0.9993971027511241 1.0001074074375196 0 
50.07493524665475 49.91266446056348 50.08047904363828 50.036247553508126 1 
99.98513264150546 100.15844233480588 99.94170377604271 99.9535190452767 2 
100.06390446678199 100.18096022969486 100.06172792455762 99.91603660995827 2 
100.08708937439899 99.89564449307656 100.10853106056453 99.81430263627561 2 
99.976300872732 100.13762561091437 100.07027008654646 99.90810597677242 2 
49.920466887706205 50.05001929519869 49.95118455154659 49.95089147524842 1 
49.99862610236178 50.023089533571294 50.021673813819376 50.08727604790337 1 
49.98179869809246 50.03766346112866 50.09104570960163 50.0998924977388 1 
49.99106218993979 50.04617672749555 49.90940424805208 49.94000257636774 1 
100.07117179640089 99.82909516539884 100.18241694811991 99.80532462950453 2 
49.9987113457151 49.910204334255795 50.01949202590375 50.049286876944386 1 
0.9993467279598695 1.0013032503913197 0.998985466205003 0.9993776306271951 0 
100.1568576404152 100.19201846654401 99.9945036426496 99.93110989209617 2 
100.04208151451682 100.03047131572842 100.15030981243308 99.84424214449281 2 
99.92758659770915 100.03765766559829 99.94114870424062 100.05491872090133 2 
100.16608155983988 100.19053379425947 99.94382340585472 99.87444890112542 2 
100.02560819914785 99.9825275443932 100.07101501019915 100.10073004649136 2 
1.0015311044964363 1.001627226365861 1.001763957813277 0.9997557766359677 0 
49.90882417450463 49.903028234230206 49.90255169699833 49.95584645439306 1 
50.02222862914671 50.07578163008156 49.97054285118879 50.01006479232257 1 
100.02628815663698 99.98880191661902 100.00696903179173 100.09495918062125 2 
100.10968626196654 100.14372867803874 100.06010919615615 100.0406185170825 2 
50.056762781569994 49.968584610661196 50.055538345943546 50.00458415053391 1 
49.904197216109374 49.917443260297496 50.027415749428094 49.99375403431283 1 
100.13405504716988 100.08693110159756 99.87910134246768 99.97741683458501 2 
99.85173468418904 100.09145035473387 100.18612778837883 99.97562287647823 2 
100.00771107984426 99.91815807454061 99.85112352437535 100.11882172064608 2 
100.19691706890224 99.99800330976804 100.19507816436986 99.90710850451916 2 
99.88192534866381 99.99239720491913 99.81672733739273 99.83878626127569 2 
49.9458608800332 49.97235731741995 50.05276730149631 50.03055477201697 1 
1.0001000090840289 1.0008198278426266 0.9991536484962583 0.9987428045040216 0 
100.10342131168834 99.9794581023813 100.05174968030263 99.85545534177277 2 
1.0013876870997962 0.9989775009150493 0.9989783145627567 1.0013736647966325 0 
99.87070201162365 100.09653600658227 99.81507705377217 99.9870948819018 2 
49.93271543200222 50.08337475064286 50.05261619891141 50.0791247232698 1 
100.1265221893169 100.1526466767138 100.05738595755845 99.80266790240532 2 
100.02607045556987 99.91654777425617 100.16857322376354 100.185059804266 2 
1.0016677027766607 0.9997765672162112 1.0019164573967796 1.000093486882436 0 
1.0008411356623301 1.0015397502956487 1.000722398516372 1.000223092188456 0 
99.88437549009167 99.98564469971332 100.11464690348913 99.90158714616042 2 
99.84341706967939 100.14535895718092 99.84806906980242 99.97496695778882 2 
99.88425037640187 100.14209235591787 100.07459001853066 100.19508627813401 2 
1.0003090045394234 0.9997149261144898 0.9989689430375546 0.9982635457844262 0 
99.95292082318493 100.05741834174329 99.92359193474633 99.86222342328053 2 
100.16539817489888 100.12732585154646 99.84902695923215 100.11738825697869 2 
99.9470912265208 99.91790097874531 99.85071302253945 99.89521462020971 2 
50.00132271126236 49.94370341036632 49.99427456580329 49.934408318978555 1 
50.05250302238488 49.98518443702285 49.94439936455059 50.056980327634456 1 
49.97919137333671 50.05951990845022 50.07620134536174 50.011228027314054 1 
99.98510412718986 99.8161537294016 100.05423360527591 100.13552169903313 2 
50.05241830350205 49.98837473098907 49.952176651890575 50.022309840015026 1 
1.0016623405257807 1.0017829012555455 1.000462790393765 1.0011456407005201 0 
0.9986854835045601 0.9995064419524037 0.9986516217642473 1.0008237773394066 0 
50.07073165207992 50.042537822785846 49.969215906975805 49.9391378570097 1 
50.031615583245014 50.03817974912057 50.04938741082068 50.08276241471368 1 
100.02603407817678 99.98191062157325 99.90749126537104 100.02451543612008 2 
1.0001061074839244 1.0009963309740628 1.0019910556040554 1.0002511431182448 0 
100.03977242052783 99.85417796940521 99.82967335198191 99.92086017068554 2 
49.957554344732166 50.07857561864029 49.98996174612264 49.90931139383877 1 
0.9992352214866516 0.9987497438060385 0.9997628166256888 1.0005118946878568 0 
0.9993107781694192 0.9997234147876253 0.9998151256411468 0.9980149572714943 0 
50.09398827434665 49.98332634305128 49.9878146740803 49.91064977931398 1 
1.0000683095033736 0.998382817401901 1.0016456285370097 0.9994406115148505 0 
50.046534014402056 49.980440780403946 50.07747469728109 50.010656810411 1 
1.001221026351498 1.0016100491113331 0.9981130809985062 0.9984902092303957 0 
99.93865486568063 100.19465135202685 100.09764380645767 100.16223885146476 2 
0.9997623168420835 1.000462551463594 0.9985457029816248 1.000571890634475 0 
50.00779492524072 49.90901960591308 50.05494015232487 49.95494372001195 1 
100.13034394091949 99.8902112132911 100.03647119790281 99.87304111525151 2 
1.0014401013042826 1.0009979068872734 1.0014041193723051 1.0019593777564624 0 
100.04985635805457 100.1317699949248 100.0671030728859 100.01928238969758 2 
49.98778799776714 50.06696030740614 50.00712745054489 50.050128598659576 1 
99.98890616666921 99.9403624658031 100.1760887909377 99.82653217512208 2 
99.86970364695925 100.07991516489882 99.9723839657625 99.91684696730128 2 
49.91924357560407 50.069993357393976 49.95242231694678 49.99452927807755 1 
0.9993673800799474 1.0013919206409068 1.0016182161131302 1.0003185800574848 0 
100.18158720508711 99.98777854939819 100.03581059789349 100.13762735989303 2 
99.91958175705169 100.13094856251124 99.8578870746606 100.02707585195425 2 
100.08300568839488 100.13516613148968 100.10885205594971 100.07778146100287 2 
50.01706973556806 49.97548549799614 49.90375840436566 50.018417552425305 1 
99.92446985562216 100.18319641632247 100.07896757748894 100.14480292748127 2 
50.03338916355241 50.00128764086113 50.00094221805298 50.01279507048846 1 
99.81093412386265 100.08746008650134 100.15550477327082 100.12552856951042 2 
99.88186541145258 100.12768786475591 99.88665829589846 99.98672503778405 2 
50.02994803904091 50.09313138910468 49.952487263153415 50.054380345245086 1 
100.18702314328351 100.08528370244738 99.85541468671111 99.89806025624365 2 
1.0008729647833718 0.9999598860493544 0.9993283878324082 1.0017876088471016 0 
99.84506428623524 99.87465740243377 99.9068168042963 100.08762813702145 2 
50.01457496153908 50.090476069888965 49.9240601339152 50.08315322904903 1 
49.97342263574046 49.963689874448946 49.94627026838058 49.904688826044634 1 
99.96220415505427 99.92677228173667 99.93375459702337 99.98287156290496 2 
0.9999541366607557 0.9999008131039742 0.9987911601224705 1.001549034605872 0 
100.06826541122388 99.87747483807793 99.82654069450427 99.84064720155632 2 
0.9980389670018917 0.9992133077499483 1.0013401337409167 1.0012352559397812 0 
1.0014590356699704 0.9998261960489369 0.999479625069589 1.001890626618598 0 
0.9984346739938631 1.0000509765485228 1.0013830519529505 1.0003854377542158 0 
100.17553508404383 99.95508498580388 99.87805722971983 100.09778279004824 2 
99.9124873754629 99.97740390689108 99.93196175249234 99.97207879712388 2 
100.09356147597357 99.99860697590823 100.03540731703387 100.12101385036183 2 
49.99528209334552 49.95033231993686 49.92681266359325 49.9855143674094 1 
100.07443624497094 100.17790387883495 99.91413470931653 100.06219451138021 2 
50.05007359983499 50.06770360951263 49.914755649713015 49.92328255707973 1 
50.05852247590011 49.9195500996585 49.944218398308294 49.955251317770006 1 
1.0010925474159746 1.0003265400416832 1.0000790690021424 1.0006946779607184 0 
49.931912739784124 50.01862064468749 49.98169317992923 49.990937514269085 1 
0.9988717383377188 0.9988554785817109 1.0011171630265174 0.9987688590152521 0 
100.11765361924351 100.15414401591364 99.92782407714343 100.12012056576411 2 
99.92439599938949 100.06659419676306 100.02323440360341 100.14646837635796 2 
50.03015477303766 50.04265686223333 49.90681687184747 50.077956893695955 1 
0.9990024395952284 0.9985641069439056 1.0003102137311597 0.9981868506669732 0 
0.999964680780043 1.0016535010466328 1.0018330122237504 1.0011401245969416 0 
0.9991908609334809 1.0000587983291682 1.0018460724626852 1.001260885268053 0 
0.9987090653567318 1.00032379940769 0.999262294842676 1.0019929114311252 0 
49.942022162445326 50.07909593353392 50.063954543131196 50.035908935767566 1 
100.10314739802025 99.81807450012595 100.18032106343337 99.89896053319464 2 
50.003115234080596 50.06034184102604 49.96157925870735 50.00999926889145 1 
49.91619189702293 50.038367700131644 49.98090340309621 49.92236414059445 1 
50.02070494937833 49.94922190382567 49.90325271341065 50.08926716010291 1 
99.97518187455924 99.90589402694893 99.8155925470121 100.12150997028685 2 
1.0004684973320737 1.001047500591692 1.0013871525048526 0.9993327014715037 0 
0.9995060026937463 1.001754017341619 1.0003051093882305 0.9983879042273697 0 
100.08003986002649 99.91085938855407 99.96514592630112 100.05313111608092 2 
50.06693967050468 49.95169471248543 50.02293878712902 50.0166629000667 1 
49.95195243390254 50.03406090164392 49.957616456149765 50.018349488090344 1 
0.9986551763970607 1.0010149186613255 0.9982301016394979 0.9984033729432714 0 
100.18805455814683 99.8178354053778 100.16943682190474 99.95084800089943 2 
0.9985526780330398 1.0008737852791263 0.9991923247994037 1.0006692016992638 0 
100.06941178083345 99.83667735934935 99.99256658635153 99.89224579990608 2 
49.93559205428795 49.91042303827834 50.02547196869685 50.03092534668427 1 
100.0104175837263 99.869600000546 99.91652060540724 100.17601521518127 2 
1.0002102423259231 0.998103864679086 0.998204628351716 0.9992861485476684 0 
99.83670189647538 99.9500142900443 100.09220633118701 99.9677786928317 2 
100.01235993007558 99.89888854787074 99.92382933030693 99.94866557185938 2 
1.000095325291571 1.0018041495244503 0.9980744622913476 1.0006028022907187 0 
0.9984633277372282 1.0005375547672923 0.9986105735479118 1.0014218867439817 0 
1.0010354762543694 1.001233901134829 0.9996292871090544 1.0019740970360405 0 
49.95485486911126 49.98850726717822 49.901854020784306 49.91577144282466 1 
1.0004098573743079 0.9994661860013969 1.001557986858645 1.0008335920906177 0 
1.0003627272878703 0.9980745227624573 0.9989506951142834 1.0012883254920508 0 
50.07826794449992 49.9300032427744 49.94032983902522 50.08091820400639 1 
50.0051989468261 50.068123619244105 49.96801778999561 49.962319304759795 1 
100.03435857803922 100.15915252342491 99.8146158908179 99.84039406112956 2 
0.9990771910866911 0.9985283101826512 0.9999006484186064 0.9999594881263327 0 
1.0018276260095451 0.99976639197046 0.9995520849702182 1.000811423675082 0 
1.0016275108339003 0.9996793254218878 0.9997856798683764 1.0005054276916658 0 
100.05401950123402 100.08583389277833 100.171066865683 99.93233406816331 2 
1.0013354200183986 1.000513293555782 1.000336507886064 0.999484482002014 0 
0.9992386061833567 0.9981490002647455 0.9993366742237967 1.001781242821298 0 
1.0018170783739826 0.9982899921456285 1.0011754927428982 0.9998980690311564 0 
1.001797494058212 0.9981860914593887 0.9996287157130764 0.9990801343463491 0 
50.09868447919284 50.043228248294604 49.98140816096544 50.02137826114742 1 
0.9998379440327564 0.9991442783124561 0.9980637865511462 0.9991956739248953 0 
100.18780744329094 100.14561011924505 100.06406010459827 100.01485922708352 2 
0.9993764452306396 0.9994517675859954 0.9993113116538308 1.0011934926265287 0 
0.9994840443443749 0.9981220179682566 0.9985067733922762 0.9996341091227834 0 
49.970488619127174 50.04461809698841 49.93529615050766 50.051585916237684 1 
50.031540137616666 50.03683221436992 50.08977444543506 49.9760711324792 1 
0.9997940047872511 0.9992738893827164 0.9995130215956216 0.9992437450297202 0 
0.9996833661919715 1.0013754153308896 0.9983996614534945 0.9994043078084454 0 
49.90001980432508 50.03062194548722 49.917610269118974 50.0131505828814 1 
50.05384352592681 50.04688099567377 49.92668869117218 50.07622321760911 1 
100.1223196971826 99.89612250614142 100.14289067931611 99.88965638012431 2 
100.10959347880305 100.0947977024885 100.14533976343245 99.85496478309018 2 
49.99414228767969 50.0987830950382 49.9935594804927 50.033967115228755 1 
100.04566487274128 100.19189092936794 99.90059801709778 99.82159522111496 2 
99.93074190592314 99.88139366972884 100.05192952016931 100.12283856258477 2 
100.0860676928913 99.81242339392928 99.99304727847958 99.994894041137 2 
50.03296277845327 49.99621495632303 50.052613806915645 50.01658517414788 1 
50.07639701148326 49.97924655182962 49.93313079208512 49.954445672720844 1 
1.000579842219271 0.9980894040871631 1.0008703770046368 0.9981788841233494 0 
99.98253321785808 99.92132862244168 99.98315632969907 99.91102121787561 2 
0.9996774843116792 1.0016746989195702 0.998460160211425 0.9980821709500648 0 
0.9996754703752212 1.0015038976869584 0.9993747249978718 1.000594202847738 0 
49.92974007889029 49.9905248218066 50.061881348093465 50.07254607619264 1 
99.86169889880966 100.16130124239709 100.0215427265324 99.8867827046421 2 
100.12521058372141 99.96589356181119 100.12259725526138 100.05120835985113 2 
1.0007944406490434 1.0005580411633996 1.001858002171392 0.9983958162399186 0 
100.10816655411487 99.9195003801064 99.80381782690384 100.11409053405427 2 
100.11260079483962 100.02631375348095 100.08745675128193 100.09464392120492 2 
99.87012554132836 99.92977466917512 99.9388840937026 99.97033949162333 2 
50.03828602389779 49.951525139726066 50.075148035569626 50.00032215414927 1 
99.97134474324477 99.86580555823677 99.90969768483879 99.94081027372948 2 
99.82997635039544 99.93286192619055 99.98120588240012 100.04115757057319 2 
49.98649624418481 49.93343499735903 49.920332486082316 49.95331365667853 1 
1.0012345160142655 0.9985958089373128 0.9990546649580776 0.9981226995448076 0 
1.0019604274178069 1.001600363430073 0.9986286380918481 1.0013134140920439 0 
100.02810458512917 99.86698368037493 99.91303447204123 99.94111405263422 2 
1.0015020153109375 0.9995387845938297 0.9999568980816684 1.0010650472531666 0 
50.08471010072242 50.05290450778433 49.92093422198985 50.0983790919806 1 
49.95305655634375 50.05071940090132 49.90508384684778 50.01213543835424 1 
1.0004694150818099 0.9997127850374355 0.9982247837324583 0.999004341081954 0 
1.0017229460486443 1.001391621871988 1.0009644602789671 1.000833499622694 0 
99.81226025508846 99.99415531982638 99.90663701566096 100.08964459022916 2 
100.08477052118597 100.14770857766389 99.82909771774277 99.80955803556695 2 
0.999812271272985 1.0007996820137468 0.9988119847736675 1.0004215801610543 0 
49.96725483507287 49.98236145874946 49.902279593105185 50.07109308817829 1 
0.9995851561431386 1.0007128485833094 1.0005331198133995 0.9993693037581045 0 
0.9992832379658719 1.0002836972230826 0.9981448411718277 0.999847512982194 0 
0.9985889237408008 1.0003007780052147 0.9995017340348427 0.998335455589488 0 
99.93826677595479 99.97050589835112 99.88035746888168 100.01290591486078 2 
49.906486126531036 50.00533455527158 50.01833173130923 50.03120210191164 1 
50.021872318607734 50.02649512352613 49.91798528067144 49.92592185761367 1 
49.95931818444962 49.92766826829733 50.060850055446835 49.94948732585982 1 
100.04865791011407 100.17343444578438 99.92158256449908 100.18441306955711 2 
49.91816600259517 49.97934274663247 49.917574064593985 50.036240054762985 1 
100.0340504353172 99.92978893552899 100.07228480419603 100.0143593411084 2 
0.9995415526198634 1.0012727909226715 1.0008814691640822 0.9991191144240591 0 
1.0016602307140947 0.9985634541872394 1.001396833118783 0.9992133646044619 0 
49.91748152280668 50.08070509615497 50.07239544943181 49.98040383187673 1 
100.17225729401365 100.03249863113003 99.90178681340387 100.12444859063693 2 
100.00442402936245 100.12042050547304 100.15357594860477 99.80051192249965 2 
50.00094707903298 50.04637138259186 49.90137103844523 50.08220042005491 1 
49.959924330675115 50.076603680875124 50.07280054405476 50.07729022496339 1 
99.95476580426127 100.1792332160298 100.16799835245354 99.9835585170929 2 
0.9993474374328556 1.0004800241202936 1.0000398660114593 0.9988586496494886 0 
100.00750759715248 99.99970790738504 100.01548605966259 99.91583723649434 2 
49.935290558289815 49.9717164097756 50.00337388791701 49.97024597877327 1 
100.00805533541035 100.07427792390388 100.19196227877033 100.17990511210988 2 
50.088865129240816 49.92866792834348 50.089421507209025 49.9381924180088 1 
50.054531914006915 49.999248219147546 50.041803640045195 49.99193960134129 1 
100.16851858781318 99.90545722946824 100.17533337409103 100.0879429652092 2 
99.80867649986527 99.99846448199423 99.86356753422444 100.19246405726133 2 
100.16358320253904 100.04529380791031 100.00251763814033 99.88295261888051 2 
50.01949141480732 49.981028893874765 49.917329714244815 49.90890893461246 1 
50.087722668699165 50.043986244757214 50.064327385623926 50.015795828507514 1 
0.9984255203290008 1.0015294824406016 1.0011603470189143 0.999464226293431 0 
49.99637699762671 49.9684651649202 49.974587528377626 49.941430030767066 1 
1.0011328697660513 1.0009608205617977 0.999737298691903 1.000435391984067 0 
49.913305994810386 49.93256998698615 50.0770170440276 50.052746947109796 1 
49.97433741240557 49.959271348121646 50.07538512536175 49.97545455919758 1 
50.07128507974465 50.099596976486055 49.91108045453894 49.96545417996948 1 
100.06228117928295 100.16926409567039 99.89204367988626 100.14685327087403 2 
100.15096844737884 100.00540518070902 100.10614974647095 100.00144369250907 2 
0.9986392281394831 0.9987177776111787 0.9991558475183333 0.9993728050912776 0 
49.93798629293642 50.066716368712164 49.950341586468646 50.02280353269941 1 
100.09680506168857 99.95052507597582 99.9692847432551 99.8682093682536 2 
100.16282112986451 100.06412874179118 99.86774322640574 99.81770417751976 2 
99.84857313927539 100.03903882297905 100.12181468707644 99.88944864132549 2 
50.04454806330363 50.01792119926403 49.93958153223634 50.071456606171424 1 
49.92308248122992 49.98157954296455 49.92731673788296 50.080746558917895 1 
49.995130632676016 49.99794710569119 49.943269375508635 49.95087846233735 1 
0.9991455191040642 1.0018184341486256 1.0007256585453703 1.0001255500076969 0 
99.98491928806081 99.92221480244159 99.90621060908828 100.12828494885265 2 
1.0017507091994278 0.9991093265978594 1.0014009375466915 1.0004911870046744 0 
50.0967452124903 49.97668600680555 49.919184886503515 50.01363648049264 1 
49.95974704338168 49.95285730585803 49.90401802150806 50.041939951177476 1 
0.9990967223351315 1.0012537686690193 0.998679693507796 0.9983416184468299 0 
99.83248562651082 99.98927972959018 99.95270019857355 99.97764698199582 2 
